6	34.256	3.405	34.692	0.89257
7	34.256	3.405	34.694	0.87736
8	34.256	3.405	34.696	0.86232
9	34.256	3.411	34.698	0.84711
10	34.257	3.408	34.699	0.8324
11	34.258	3.412	34.701	0.81826
12	34.257	3.414	34.702	0.80438
13	34.257	3.414	34.704	0.79071
14	34.256	3.417	34.705	0.77684
15	34.258	3.416	34.707	0.76315
16	34.258	3.412	34.708	0.74966
17	34.269	3.428	34.71	0.73634
18	34.262	3.443	34.711	0.7232
19	34.27	3.446	34.713	0.71029
20	34.272	3.448	34.714	0.69753
21	34.272	3.449	34.715	0.68497
22	34.284	3.458	34.717	0.67258
23	34.287	3.474	34.718	0.66038
24	34.283	3.471	34.719	0.64836
25	34.288	3.475	34.72	0.63652
26	34.295	3.484	34.722	0.62485
27	34.295	3.503	34.723	0.61332
28	34.317	3.509	34.724	0.60194
29	34.327	3.493	34.725	0.59073
30	34.368	3.386	34.726	0.57969
31	34.442	3.156	34.728	0.56883
32	34.567	2.934	34.729	0.55819
34	34.879	1.97	34.73	0.54783
35	34.82	1.861	34.731	0.53771
36	34.732	1.769	34.732	0.52782
37	34.71	1.697	34.733	0.51814
38	34.713	1.614	34.734	0.50861
39	34.738	1.459	34.735	0.49917
40	34.756	1.319	34.736	0.48975
41	34.758	1.31	34.737	0.48041
42	34.776	1.28	34.738	0.47113
43	34.771	1.212	34.739	0.4619
44	34.777	1.151	34.74	0.45275
45	34.769	1.006	34.741	0.4437
46	34.778	0.798	34.742	0.43474
47	34.772	0.693	34.743	0.42582
48	34.776	0.646	34.744	0.41699
49	34.789	0.596	34.745	0.40831
51	34.788	0.516	34.745	0.39981
52	34.809	0.464	34.746	0.39139
53	34.811	0.47	34.747	0.38305
54	34.802	0.476	34.748	0.3748
55	34.805	0.363	34.749	0.36658
56	34.831	0.338	34.75	0.35844
57	34.819	0.338	34.751	0.3504
58	34.811	0.159	34.751	0.34244
59	34.836	0.029	34.752	0.33457
60	34.844	-0.015	34.753	0.3268
61	34.829	-0.061	34.754	0.31914
62	34.833	-0.352	34.754	0.31158
63	34.847	-0.377	34.755	0.30415
64	34.85	-0.381	34.756	0.2968
65	34.849	-0.379	34.757	0.28951
66	34.875	-0.421	34.757	0.28229
67	34.85	-0.45	34.758	0.2752
68	34.879	-0.506	34.759	0.26824
69	34.848	-0.569	34.759	0.26138
70	34.85	-0.58	34.76	0.25462
71	34.852	-0.583	34.761	0.24795
72	34.847	-0.571	34.762	0.24135
73	34.867	-0.546	34.762	0.23484
75	34.856	-0.451	34.763	0.22841
77	34.859	-0.496	34.764	0.2221
79	34.878	-0.45	34.764	0.21589
80	34.871	-0.525	34.765	0.20978
81	34.87	-0.469	34.765	0.20374
82	34.868	-0.442	34.766	0.19777
83	34.878	-0.465	34.767	0.19188
84	34.882	-0.512	34.767	0.18606
85	34.852	-0.487	34.768	0.18031
86	34.876	-0.45	34.769	0.17465
87	34.866	-0.448	34.769	0.16907
88	34.872	-0.458	34.77	0.16355
89	34.878	-0.478	34.77	0.1581
90	34.905	-0.541	34.771	0.15276
91	34.868	-0.54	34.771	0.14753
92	34.865	-0.529	34.772	0.14238
93	34.872	-0.531	34.773	0.13728
94	34.87	-0.543	34.773	0.13228
95	34.871	-0.538	34.774	0.12737
96	34.875	-0.55	34.774	0.12246
97	34.877	-0.563	34.775	0.11762
98	34.877	-0.591	34.775	0.11288
99	34.875	-0.62	34.776	0.10815
100	34.873	-0.635	34.777	0.10344
101	34.863	-0.655	34.777	0.098743
102	34.865	-0.661	34.778	0.094089
103	34.87	-0.676	34.778	0.089482
104	34.868	-0.676	34.779	0.084928
105	34.867	-0.676	34.779	0.080482
106	34.867	-0.675	34.78	0.076214
107	34.867	-0.674	34.78	0.072112
108	34.867	-0.669	34.781	0.06803
109	34.867	-0.666	34.781	0.06396
110	34.868	-0.675	34.782	0.059905
111	34.868	-0.654	34.782	0.055876
112	34.87	-0.659	34.785	0.035184
113	34.878	-0.672	34.788	0.014493
114	34.864	-0.72	34.792	-0.006209
115	34.86	-0.697	34.795	-0.026945
116	34.847	-0.666	34.798	-0.047657
117	34.865	-0.667	34.801	-0.068373
118	34.874	-0.672	34.804	-0.089085
120	34.891	-0.721	34.807	-0.10979
121	34.873	-0.729	34.81	-0.13054
122	34.872	-0.735	34.813	-0.15134
123	34.873	-0.742	34.817	-0.17214
124	34.868	-0.748	34.82	-0.19308
125	34.868	-0.749	34.823	-0.21414
126	34.868	-0.757	34.826	-0.23523
127	34.868	-0.759	34.829	-0.25632
128	34.872	-0.765	34.832	-0.27745
129	34.869	-0.767	34.835	-0.29861
130	34.869	-0.77	34.838	-0.31985
131	34.87	-0.772	34.841	-0.34109
132	34.868	-0.776	34.844	-0.36235
133	34.868	-0.782	34.847	-0.38364
134	34.868	-0.786	34.85	-0.40502
135	34.869	-0.788	34.853	-0.42643
136	34.869	-0.79	34.856	-0.44778
137	34.868	-0.789	34.858	-0.46865
138	34.862	-0.782	34.86	-0.48841
139	34.866	-0.768	34.862	-0.50709
140	34.866	-0.758	34.862	-0.52099
141	34.861	-0.747	34.862	-0.53427
142	34.869	-0.741	34.863	-0.54708
143	34.871	-0.739	34.864	-0.55952
144	34.875	-0.748	34.865	-0.57153
145	34.877	-0.763	34.866	-0.58274
146	34.869	-0.771	34.866	-0.59325
147	34.877	-0.781	34.867	-0.60375
148	34.88	-0.794	34.867	-0.61411
149	34.872	-0.801	34.868	-0.62414
150	34.872	-0.805	34.869	-0.63386
151	34.874	-0.811	34.869	-0.64285
152	34.881	-0.822	34.87	-0.65081
153	34.868	-0.828	34.87	-0.65824
154	34.868	-0.824	34.871	-0.6655
155	34.87	-0.817	34.871	-0.67254
156	34.873	-0.821	34.872	-0.67915
157	34.874	-0.826	34.872	-0.68554
158	34.874	-0.829	34.873	-0.69196
160	34.872	-0.842	34.873	-0.69841
161	34.874	-0.846	34.873	-0.70428
163	34.872	-0.848	34.874	-0.71001
164	34.872	-0.852	34.874	-0.71574
165	34.87	-0.854	34.874	-0.72058
166	34.871	-0.854	34.875	-0.72477
167	34.87	-0.853	34.875	-0.72871
168	34.871	-0.852	34.875	-0.73239
169	34.87	-0.848	34.875	-0.73463
170	34.872	-0.849	34.876	-0.73675
171	34.873	-0.855	34.876	-0.73882
172	34.872	-0.859	34.876	-0.74091
173	34.867	-0.852	34.876	-0.74281
174	34.873	-0.845	34.876	-0.74457
175	34.87	-0.843	34.876	-0.74606
176	34.872	-0.841	34.877	-0.74725
177	34.873	-0.84	34.877	-0.74841
178	34.874	-0.84	34.877	-0.74956
179	34.874	-0.84	34.877	-0.75078
180	34.873	-0.838	34.877	-0.75211
181	34.868	-0.832	34.877	-0.75392
182	34.872	-0.828	34.878	-0.7555
183	34.871	-0.823	34.878	-0.75732
184	34.875	-0.822	34.878	-0.75876
185	34.875	-0.823	34.878	-0.76048
186	34.875	-0.821	34.878	-0.76234
187	34.876	-0.821	34.878	-0.76408
188	34.876	-0.82	34.878	-0.7656
189	34.874	-0.817	34.878	-0.76722
190	34.877	-0.813	34.878	-0.76902
191	34.877	-0.813	34.878	-0.77082
192	34.875	-0.812	34.878	-0.77257
193	34.874	-0.804	34.879	-0.7742
194	34.871	-0.793	34.878	-0.77552
195	34.875	-0.79	34.879	-0.77683
196	34.879	-0.79	34.879	-0.77817
197	34.874	-0.783	34.879	-0.7795
198	34.874	-0.777	34.879	-0.78074
199	34.882	-0.785	34.879	-0.782
200	34.875	-0.783	34.879	-0.7832
201	34.878	-0.774	34.879	-0.78433
202	34.889	-0.78	34.879	-0.7854
203	34.883	-0.787	34.879	-0.78639
204	34.884	-0.794	34.879	-0.78732
206	34.88	-0.795	34.88	-0.78815
207	34.88	-0.795	34.88	-0.789
208	34.883	-0.794	34.88	-0.78982
209	34.871	-0.782	34.88	-0.79071
210	34.859	-0.756	34.88	-0.79162
211	34.856	-0.732	34.88	-0.79258
212	34.881	-0.736	34.88	-0.79356
213	34.889	-0.742	34.881	-0.79457
214	34.89	-0.747	34.881	-0.79562
215	34.888	-0.75	34.881	-0.79665
216	34.888	-0.754	34.881	-0.79781
217	34.886	-0.754	34.881	-0.79896
218	34.889	-0.756	34.881	-0.80007
219	34.886	-0.757	34.881	-0.80097
220	34.884	-0.755	34.881	-0.80202
221	34.884	-0.752	34.882	-0.80327
222	34.884	-0.749	34.882	-0.80454
224	34.887	-0.747	34.882	-0.80584
225	34.891	-0.755	34.882	-0.80694
226	34.892	-0.765	34.882	-0.80802
227	34.891	-0.768	34.882	-0.80908
228	34.901	-0.782	34.882	-0.81013
229	34.894	-0.79	34.882	-0.81117
230	34.888	-0.792	34.882	-0.81224
231	34.887	-0.792	34.882	-0.81327
232	34.888	-0.797	34.883	-0.8143
233	34.886	-0.796	34.883	-0.8153
234	34.886	-0.795	34.883	-0.81633
235	34.886	-0.799	34.883	-0.81732
236	34.884	-0.798	34.883	-0.8183
237	34.883	-0.795	34.883	-0.81925
238	34.885	-0.794	34.883	-0.82019
239	34.886	-0.794	34.883	-0.8211
240	34.891	-0.799	34.883	-0.82201
241	34.894	-0.808	34.883	-0.82294
242	34.894	-0.817	34.883	-0.82386
243	34.887	-0.821	34.883	-0.82482
244	34.887	-0.822	34.884	-0.82585
245	34.883	-0.81	34.884	-0.82693
246	34.883	-0.806	34.884	-0.82805
247	34.883	-0.803	34.884	-0.8292
248	34.881	-0.799	34.884	-0.83035
249	34.881	-0.794	34.884	-0.83145
250	34.886	-0.794	34.884	-0.8325
251	34.892	-0.801	34.884	-0.8335
252	34.888	-0.803	34.884	-0.83447
253	34.887	-0.803	34.884	-0.83537
254	34.886	-0.802	34.884	-0.83623
255	34.887	-0.802	34.884	-0.83708
256	34.887	-0.801	34.884	-0.83792
257	34.887	-0.801	34.884	-0.8387
258	34.894	-0.813	34.884	-0.83946
259	34.89	-0.82	34.885	-0.84025
260	34.886	-0.813	34.885	-0.84109
261	34.892	-0.819	34.885	-0.84192
262	34.889	-0.821	34.885	-0.84273
263	34.887	-0.821	34.885	-0.84351
264	34.886	-0.817	34.885	-0.84423
265	34.886	-0.814	34.885	-0.84494
266	34.886	-0.813	34.885	-0.84564
267	34.888	-0.813	34.885	-0.84634
268	34.887	-0.813	34.885	-0.84704
269	34.883	-0.807	34.885	-0.84773
270	34.885	-0.801	34.885	-0.84845
271	34.888	-0.803	34.885	-0.84917
272	34.888	-0.802	34.885	-0.84993
273	34.886	-0.798	34.885	-0.85068
274	34.889	-0.799	34.886	-0.8514
275	34.891	-0.802	34.886	-0.8521
276	34.891	-0.805	34.886	-0.85284
277	34.89	-0.805	34.886	-0.85362
278	34.892	-0.808	34.886	-0.8544
279	34.894	-0.814	34.886	-0.8552
280	34.889	-0.814	34.886	-0.856
282	34.889	-0.815	34.886	-0.85681
283	34.889	-0.815	34.886	-0.85761
284	34.889	-0.814	34.886	-0.85842
285	34.889	-0.814	34.886	-0.85926
286	34.89	-0.815	34.886	-0.86012
287	34.889	-0.814	34.886	-0.861
288	34.889	-0.815	34.886	-0.86189
290	34.89	-0.816	34.886	-0.86276
291	34.89	-0.816	34.886	-0.86364
292	34.889	-0.816	34.886	-0.86452
293	34.888	-0.813	34.887	-0.8654
294	34.888	-0.812	34.887	-0.8663
295	34.889	-0.81	34.887	-0.86722
296	34.889	-0.809	34.887	-0.86814
297	34.887	-0.806	34.887	-0.86907
298	34.889	-0.806	34.887	-0.87005
299	34.887	-0.803	34.887	-0.87109
300	34.888	-0.8	34.887	-0.87215
301	34.887	-0.797	34.887	-0.87321
302	34.888	-0.793	34.887	-0.8743
303	34.89	-0.791	34.887	-0.87542
304	34.891	-0.791	34.887	-0.8765
305	34.891	-0.791	34.887	-0.87758
306	34.901	-0.805	34.887	-0.87871
307	34.905	-0.82	34.887	-0.8798
308	34.894	-0.822	34.887	-0.88084
309	34.891	-0.822	34.887	-0.88183
310	34.896	-0.83	34.887	-0.8828
311	34.898	-0.841	34.887	-0.88377
312	34.901	-0.855	34.887	-0.88475
313	34.899	-0.86	34.887	-0.88578
314	34.898	-0.867	34.887	-0.88695
315	34.893	-0.871	34.888	-0.88823
316	34.891	-0.873	34.888	-0.88949
317	34.891	-0.877	34.888	-0.89071
318	34.894	-0.882	34.888	-0.89191
319	34.893	-0.886	34.888	-0.8931
320	34.893	-0.891	34.888	-0.89427
321	34.892	-0.896	34.888	-0.89545
322	34.893	-0.9	34.888	-0.89663
323	34.893	-0.909	34.888	-0.8978
324	34.889	-0.916	34.888	-0.89897
325	34.892	-0.923	34.888	-0.90015
326	34.897	-0.932	34.888	-0.9014
327	34.898	-0.943	34.888	-0.90267
328	34.889	-0.946	34.888	-0.9039
329	34.887	-0.948	34.888	-0.90507
331	34.889	-0.953	34.888	-0.90624
332	34.89	-0.958	34.888	-0.90735
334	34.884	-0.964	34.888	-0.90842
335	34.885	-0.963	34.887	-0.90948
336	34.889	-0.967	34.888	-0.91055
337	34.886	-0.966	34.888	-0.9116
339	34.885	-0.973	34.888	-0.91265
340	34.882	-0.97	34.888	-0.9137
341	34.884	-0.968	34.888	-0.91473
342	34.884	-0.968	34.888	-0.91578
344	34.884	-0.97	34.888	-0.91684
345	34.884	-0.97	34.888	-0.91791
347	34.886	-0.971	34.888	-0.91898
348	34.886	-0.975	34.888	-0.92002
349	34.885	-0.975	34.888	-0.92102
350	34.884	-0.975	34.888	-0.92199
351	34.884	-0.975	34.888	-0.92293
352	34.884	-0.974	34.888	-0.92388
353	34.883	-0.974	34.888	-0.9249
354	34.882	-0.971	34.888	-0.92595
356	34.883	-0.97	34.888	-0.92702
358	34.885	-0.97	34.888	-0.92813
359	34.886	-0.973	34.888	-0.92925
360	34.886	-0.973	34.888	-0.93037
361	34.885	-0.975	34.888	-0.93144
362	34.884	-0.975	34.888	-0.93248
363	34.885	-0.975	34.888	-0.93351
364	34.885	-0.976	34.888	-0.9346
365	34.887	-0.978	34.888	-0.93576
366	34.886	-0.98	34.888	-0.9369
367	34.885	-0.98	34.888	-0.93802
369	34.886	-0.983	34.888	-0.93907
370	34.887	-0.986	34.888	-0.94009
371	34.886	-0.988	34.888	-0.94115
372	34.884	-0.988	34.888	-0.94222
373	34.884	-0.987	34.888	-0.9433
374	34.884	-0.987	34.888	-0.94438
375	34.884	-0.987	34.888	-0.94546
376	34.886	-0.989	34.888	-0.9466
378	34.886	-0.994	34.888	-0.94776
379	34.886	-0.995	34.888	-0.94892
380	34.885	-0.992	34.888	-0.95008
381	34.887	-0.997	34.888	-0.95126
382	34.886	-0.998	34.888	-0.95246
383	34.885	-0.999	34.888	-0.95365
384	34.885	-1	34.888	-0.95483
385	34.885	-1	34.888	-0.95602
386	34.885	-1.001	34.888	-0.95723
387	34.884	-1	34.888	-0.95843
388	34.884	-1.001	34.888	-0.95963
389	34.884	-1.001	34.888	-0.96084
390	34.884	-1.001	34.888	-0.96205
391	34.885	-1.002	34.888	-0.96322
392	34.885	-1.001	34.888	-0.9644
393	34.884	-1.001	34.888	-0.96558
395	34.884	-1.001	34.888	-0.96675
396	34.885	-1.001	34.888	-0.96793
397	34.885	-1.001	34.888	-0.9691
398	34.884	-1	34.888	-0.97025
399	34.884	-1	34.888	-0.97141
401	34.884	-0.998	34.888	-0.97255
402	34.885	-0.998	34.888	-0.97366
403	34.885	-0.998	34.888	-0.97477
404	34.885	-0.998	34.887	-0.97586
405	34.886	-0.998	34.887	-0.97695
406	34.885	-0.998	34.887	-0.97804
407	34.885	-0.998	34.887	-0.97909
408	34.885	-0.998	34.887	-0.98016
409	34.887	-1.001	34.887	-0.98123
410	34.887	-1.003	34.887	-0.98231
411	34.886	-1.003	34.887	-0.98341
412	34.885	-1.003	34.887	-0.98453
413	34.885	-1.002	34.888	-0.98568
414	34.885	-1.002	34.888	-0.98686
415	34.885	-1.001	34.888	-0.98807
416	34.885	-1.001	34.888	-0.9893
417	34.885	-1	34.888	-0.99056
419	34.885	-0.999	34.888	-0.99177
420	34.884	-0.996	34.887	-0.99289
421	34.883	-0.993	34.887	-0.994
422	34.885	-0.991	34.887	-0.99514
423	34.886	-0.99	34.887	-0.99624
424	34.887	-0.99	34.887	-0.99728
425	34.887	-0.99	34.887	-0.99828
426	34.887	-0.99	34.887	-0.99926
427	34.887	-0.99	34.887	-1.0002
428	34.886	-0.989	34.887	-1.0012
429	34.887	-0.988	34.887	-1.002
430	34.887	-0.988	34.887	-1.0029
431	34.888	-0.989	34.887	-1.0038
432	34.888	-0.989	34.887	-1.0046
433	34.889	-0.992	34.887	-1.0054
434	34.888	-0.993	34.887	-1.0062
435	34.886	-0.991	34.887	-1.0069
436	34.887	-0.99	34.887	-1.0076
437	34.889	-0.991	34.887	-1.0083
438	34.891	-0.999	34.887	-1.009
440	34.888	-1.002	34.887	-1.0096
441	34.888	-1.002	34.887	-1.0102
442	34.888	-1.002	34.887	-1.0108
444	34.888	-1.003	34.887	-1.0114
445	34.888	-1.004	34.887	-1.012
446	34.888	-1.005	34.887	-1.0126
447	34.887	-1.005	34.887	-1.0131
448	34.889	-1.008	34.887	-1.0136
449	34.888	-1.008	34.887	-1.0141
450	34.886	-1.007	34.887	-1.0146
451	34.886	-1.005	34.887	-1.0149
452	34.889	-1.007	34.887	-1.0152
453	34.889	-1.008	34.887	-1.0156
454	34.888	-1.008	34.887	-1.016
455	34.889	-1.009	34.887	-1.0163
456	34.888	-1.01	34.887	-1.0166
457	34.887	-1.009	34.887	-1.0169
458	34.888	-1.009	34.887	-1.0172
459	34.888	-1.01	34.887	-1.0176
460	34.888	-1.01	34.887	-1.0179
461	34.889	-1.013	34.887	-1.0183
462	34.889	-1.015	34.887	-1.0187
463	34.889	-1.017	34.887	-1.0191
464	34.889	-1.02	34.888	-1.0195
465	34.888	-1.021	34.888	-1.02
466	34.887	-1.02	34.888	-1.0205
467	34.886	-1.019	34.888	-1.021
468	34.884	-1.015	34.888	-1.0214
469	34.885	-1.012	34.888	-1.0219
470	34.887	-1.01	34.888	-1.0224
471	34.894	-1.021	34.888	-1.0229
472	34.894	-1.035	34.888	-1.0234
473	34.883	-1.031	34.888	-1.0239
474	34.884	-1.026	34.888	-1.0244
475	34.886	-1.024	34.888	-1.0249
477	34.89	-1.025	34.888	-1.0253
478	34.888	-1.027	34.888	-1.0258
479	34.892	-1.034	34.888	-1.0262
481	34.888	-1.037	34.888	-1.0266
482	34.888	-1.038	34.888	-1.027
484	34.888	-1.035	34.888	-1.0274
485	34.891	-1.043	34.888	-1.0278
486	34.888	-1.045	34.888	-1.0281
488	34.887	-1.046	34.888	-1.0285
489	34.888	-1.047	34.888	-1.0289
490	34.887	-1.045	34.888	-1.0293
492	34.886	-1.042	34.888	-1.0298
493	34.886	-1.041	34.888	-1.0302
494	34.886	-1.039	34.888	-1.0306
495	34.887	-1.039	34.888	-1.031
496	34.888	-1.041	34.888	-1.0314
497	34.89	-1.044	34.888	-1.0318
498	34.889	-1.046	34.888	-1.0322
499	34.89	-1.048	34.888	-1.0325
500	34.89	-1.051	34.888	-1.0329
501	34.887	-1.05	34.888	-1.0333
502	34.887	-1.05	34.888	-1.0338
504	34.889	-1.052	34.888	-1.0342
505	34.888	-1.051	34.888	-1.0347
506	34.887	-1.051	34.888	-1.0352
507	34.887	-1.05	34.888	-1.0356
509	34.884	-1.046	34.888	-1.0361
510	34.886	-1.047	34.888	-1.0366
511	34.885	-1.044	34.888	-1.0371
513	34.887	-1.039	34.888	-1.0376
514	34.887	-1.039	34.888	-1.0379
515	34.885	-1.034	34.888	-1.0382
516	34.887	-1.032	34.888	-1.0385
517	34.888	-1.032	34.888	-1.0387
518	34.881	-1.022	34.888	-1.039
519	34.889	-1.023	34.888	-1.0393
520	34.889	-1.022	34.888	-1.0396
522	34.89	-1.023	34.888	-1.0399
523	34.889	-1.023	34.888	-1.0402
524	34.891	-1.025	34.889	-1.0405
525	34.891	-1.028	34.889	-1.0408
527	34.891	-1.031	34.889	-1.0411
528	34.893	-1.035	34.889	-1.0414
529	34.891	-1.038	34.889	-1.0417
530	34.895	-1.043	34.889	-1.042
531	34.891	-1.048	34.889	-1.0424
533	34.888	-1.045	34.889	-1.0427
534	34.89	-1.047	34.889	-1.043
535	34.891	-1.05	34.889	-1.0433
536	34.889	-1.051	34.889	-1.0435
537	34.89	-1.051	34.889	-1.0438
538	34.893	-1.055	34.889	-1.0441
539	34.892	-1.058	34.889	-1.0444
540	34.891	-1.061	34.889	-1.0447
541	34.887	-1.059	34.889	-1.045
542	34.881	-1.051	34.889	-1.0454
543	34.887	-1.051	34.889	-1.0458
544	34.888	-1.051	34.889	-1.0461
545	34.888	-1.05	34.889	-1.0465
546	34.89	-1.051	34.889	-1.0468
547	34.89	-1.054	34.889	-1.0471
549	34.889	-1.054	34.889	-1.0474
550	34.89	-1.055	34.889	-1.0478
551	34.891	-1.056	34.889	-1.0481
552	34.889	-1.058	34.889	-1.0485
553	34.889	-1.057	34.889	-1.0489
555	34.894	-1.064	34.889	-1.0492
556	34.892	-1.067	34.889	-1.0495
557	34.891	-1.067	34.889	-1.0499
559	34.889	-1.07	34.889	-1.0502
560	34.892	-1.072	34.889	-1.0505
561	34.889	-1.072	34.889	-1.0509
563	34.886	-1.067	34.889	-1.0512
564	34.89	-1.07	34.889	-1.0515
565	34.882	-1.056	34.889	-1.0519
567	34.888	-1.035	34.889	-1.0522
568	34.889	-1.039	34.889	-1.0526
570	34.889	-1.04	34.889	-1.053
571	34.889	-1.037	34.889	-1.0534
573	34.891	-1.038	34.889	-1.0538
574	34.89	-1.037	34.889	-1.0542
575	34.889	-1.034	34.889	-1.0546
576	34.89	-1.034	34.889	-1.055
577	34.898	-1.043	34.89	-1.0554
578	34.894	-1.046	34.89	-1.0558
579	34.892	-1.049	34.89	-1.0562
580	34.895	-1.053	34.89	-1.0566
581	34.894	-1.057	34.89	-1.057
582	34.892	-1.061	34.89	-1.0573
583	34.892	-1.063	34.89	-1.0577
585	34.891	-1.066	34.89	-1.058
586	34.891	-1.068	34.89	-1.0584
587	34.89	-1.069	34.89	-1.0589
588	34.89	-1.07	34.89	-1.0594
590	34.89	-1.072	34.89	-1.0599
591	34.891	-1.075	34.89	-1.0604
592	34.891	-1.077	34.89	-1.0609
593	34.89	-1.078	34.89	-1.0613
594	34.889	-1.077	34.89	-1.0616
596	34.889	-1.077	34.89	-1.062
597	34.888	-1.077	34.89	-1.0624
599	34.887	-1.074	34.89	-1.0627
600	34.886	-1.071	34.89	-1.063
601	34.886	-1.068	34.89	-1.0632
602	34.888	-1.068	34.89	-1.0635
603	34.888	-1.067	34.89	-1.0637
604	34.889	-1.066	34.89	-1.064
605	34.89	-1.067	34.89	-1.0642
606	34.893	-1.07	34.89	-1.0644
607	34.887	-1.067	34.89	-1.0646
608	34.895	-1.084	34.89	-1.0647
609	34.89	-1.086	34.89	-1.065
611	34.884	-1.079	34.89	-1.0652
612	34.892	-1.084	34.89	-1.0654
613	34.89	-1.087	34.89	-1.0657
614	34.882	-1.079	34.89	-1.0659
615	34.887	-1.073	34.89	-1.0662
616	34.888	-1.073	34.89	-1.0664
618	34.889	-1.073	34.89	-1.0666
619	34.893	-1.078	34.89	-1.0668
620	34.894	-1.085	34.89	-1.067
621	34.893	-1.091	34.89	-1.0672
622	34.89	-1.094	34.89	-1.0675
623	34.89	-1.095	34.89	-1.0677
624	34.889	-1.096	34.89	-1.0679
625	34.889	-1.097	34.89	-1.0681
626	34.889	-1.097	34.89	-1.0683
627	34.889	-1.098	34.89	-1.0686
628	34.887	-1.097	34.89	-1.0688
629	34.884	-1.093	34.89	-1.0691
630	34.873	-1.069	34.89	-1.0694
631	34.878	-1.052	34.89	-1.0696
632	34.889	-1.052	34.89	-1.07
633	34.893	-1.056	34.89	-1.0703
634	34.891	-1.058	34.89	-1.0706
635	34.889	-1.056	34.89	-1.071
636	34.89	-1.054	34.89	-1.0714
638	34.894	-1.059	34.89	-1.0718
639	34.893	-1.066	34.89	-1.0721
640	34.891	-1.064	34.89	-1.0725
641	34.892	-1.064	34.89	-1.0729
642	34.89	-1.064	34.89	-1.0732
643	34.891	-1.064	34.89	-1.0736
645	34.89	-1.063	34.89	-1.0739
646	34.89	-1.063	34.89	-1.0742
648	34.891	-1.062	34.89	-1.0745
649	34.89	-1.062	34.89	-1.0748
651	34.888	-1.058	34.89	-1.0751
652	34.887	-1.05	34.89	-1.0754
654	34.892	-1.046	34.89	-1.0757
655	34.891	-1.045	34.89	-1.076
657	34.892	-1.045	34.89	-1.0762
658	34.894	-1.048	34.89	-1.0765
659	34.894	-1.056	34.89	-1.0767
661	34.892	-1.06	34.89	-1.0769
662	34.892	-1.06	34.89	-1.0771
663	34.892	-1.061	34.89	-1.0774
664	34.89	-1.059	34.89	-1.0777
665	34.89	-1.057	34.89	-1.078
666	34.891	-1.056	34.89	-1.0782
667	34.894	-1.058	34.89	-1.0785
668	34.893	-1.059	34.89	-1.0788
670	34.892	-1.059	34.89	-1.079
671	34.894	-1.063	34.89	-1.0793
672	34.894	-1.066	34.89	-1.0795
673	34.893	-1.068	34.89	-1.0798
674	34.892	-1.067	34.89	-1.08
675	34.893	-1.069	34.89	-1.0802
676	34.892	-1.07	34.89	-1.0805
678	34.891	-1.071	34.89	-1.0807
679	34.891	-1.071	34.89	-1.0809
680	34.892	-1.073	34.89	-1.0811
681	34.891	-1.072	34.89	-1.0813
682	34.891	-1.073	34.89	-1.0815
683	34.891	-1.074	34.89	-1.0817
685	34.893	-1.077	34.89	-1.0819
686	34.895	-1.083	34.89	-1.0823
687	34.893	-1.087	34.89	-1.0827
688	34.891	-1.088	34.89	-1.083
690	34.89	-1.087	34.89	-1.0834
691	34.889	-1.087	34.89	-1.0837
692	34.89	-1.087	34.891	-1.0841
693	34.894	-1.091	34.891	-1.0844
694	34.891	-1.093	34.891	-1.0848
695	34.89	-1.092	34.89	-1.0852
697	34.89	-1.091	34.89	-1.0855
698	34.89	-1.091	34.89	-1.0858
699	34.892	-1.092	34.89	-1.0861
700	34.89	-1.091	34.89	-1.0864
701	34.89	-1.087	34.89	-1.0867
702	34.893	-1.092	34.89	-1.0869
704	34.898	-1.106	34.89	-1.0872
705	34.892	-1.11	34.89	-1.0874
706	34.893	-1.113	34.89	-1.0876
707	34.892	-1.116	34.89	-1.0878
708	34.889	-1.115	34.89	-1.088
710	34.888	-1.113	34.89	-1.0882
711	34.888	-1.112	34.89	-1.0884
713	34.884	-1.107	34.89	-1.0886
714	34.886	-1.104	34.89	-1.0887
715	34.884	-1.095	34.89	-1.0889
717	34.89	-1.082	34.89	-1.0891
718	34.891	-1.086	34.89	-1.0893
719	34.891	-1.087	34.89	-1.0895
720	34.894	-1.09	34.89	-1.0897
721	34.89	-1.089	34.891	-1.09
722	34.89	-1.087	34.891	-1.0902
723	34.889	-1.086	34.891	-1.0904
724	34.889	-1.083	34.891	-1.0906
725	34.89	-1.081	34.891	-1.0908
726	34.891	-1.081	34.891	-1.0911
728	34.895	-1.088	34.891	-1.0912
729	34.892	-1.087	34.891	-1.0913
730	34.891	-1.088	34.891	-1.0915
732	34.891	-1.089	34.891	-1.0917
733	34.891	-1.089	34.891	-1.0918
734	34.891	-1.09	34.891	-1.092
735	34.891	-1.09	34.891	-1.0922
736	34.891	-1.091	34.891	-1.0923
738	34.892	-1.092	34.891	-1.0925
739	34.891	-1.092	34.891	-1.0927
740	34.891	-1.093	34.891	-1.0929
741	34.891	-1.093	34.891	-1.093
742	34.891	-1.093	34.891	-1.0931
743	34.891	-1.093	34.891	-1.0932
745	34.891	-1.094	34.891	-1.0933
746	34.891	-1.095	34.891	-1.0934
747	34.891	-1.095	34.891	-1.0934
748	34.891	-1.097	34.891	-1.0935
749	34.891	-1.097	34.891	-1.0936
750	34.891	-1.097	34.891	-1.0937
752	34.89	-1.096	34.891	-1.0939
753	34.891	-1.097	34.891	-1.0942
754	34.891	-1.098	34.891	-1.0945
755	34.891	-1.098	34.891	-1.0948
756	34.891	-1.098	34.891	-1.095
758	34.891	-1.098	34.891	-1.0953
759	34.892	-1.101	34.891	-1.0956
760	34.891	-1.102	34.891	-1.0959
761	34.889	-1.1	34.891	-1.0961
762	34.89	-1.099	34.891	-1.0963
763	34.89	-1.098	34.891	-1.0965
764	34.891	-1.098	34.891	-1.0967
766	34.892	-1.101	34.891	-1.0969
767	34.891	-1.101	34.891	-1.0972
768	34.892	-1.103	34.891	-1.0974
769	34.891	-1.105	34.891	-1.0976
770	34.891	-1.106	34.891	-1.0978
771	34.89	-1.106	34.891	-1.0981
773	34.89	-1.106	34.891	-1.0983
774	34.89	-1.105	34.891	-1.0986
775	34.89	-1.104	34.891	-1.0989
776	34.89	-1.105	34.891	-1.0992
777	34.89	-1.105	34.891	-1.0995
779	34.89	-1.105	34.891	-1.0998
780	34.89	-1.104	34.891	-1.1
781	34.892	-1.105	34.891	-1.1003
782	34.891	-1.106	34.891	-1.1005
783	34.89	-1.106	34.891	-1.1007
784	34.89	-1.106	34.891	-1.101
785	34.89	-1.105	34.891	-1.1012
787	34.89	-1.105	34.891	-1.1015
788	34.891	-1.105	34.891	-1.1017
789	34.89	-1.104	34.891	-1.102
790	34.892	-1.106	34.891	-1.1022
792	34.891	-1.109	34.891	-1.1024
793	34.891	-1.109	34.891	-1.1025
794	34.891	-1.111	34.891	-1.1027
795	34.891	-1.111	34.891	-1.1029
796	34.89	-1.111	34.891	-1.1031
797	34.89	-1.111	34.891	-1.1032
798	34.89	-1.111	34.891	-1.1034
799	34.89	-1.11	34.891	-1.1035
801	34.89	-1.11	34.891	-1.1036
802	34.89	-1.109	34.891	-1.1038
803	34.89	-1.109	34.891	-1.1039
804	34.89	-1.109	34.891	-1.104
805	34.89	-1.109	34.891	-1.104
806	34.89	-1.108	34.891	-1.1041
807	34.89	-1.108	34.891	-1.1041
809	34.891	-1.108	34.891	-1.1042
810	34.892	-1.109	34.891	-1.1043
811	34.892	-1.111	34.891	-1.1044
813	34.89	-1.112	34.891	-1.1044
814	34.891	-1.113	34.891	-1.1045
815	34.891	-1.113	34.891	-1.1045
816	34.89	-1.113	34.891	-1.1046
818	34.891	-1.113	34.891	-1.1047
819	34.891	-1.114	34.891	-1.1048
820	34.891	-1.114	34.891	-1.1049
821	34.89	-1.113	34.891	-1.105
822	34.89	-1.113	34.891	-1.1051
823	34.89	-1.112	34.891	-1.1051
825	34.89	-1.112	34.891	-1.1051
826	34.891	-1.112	34.891	-1.1051
827	34.891	-1.112	34.891	-1.1051
828	34.891	-1.113	34.891	-1.1051
829	34.891	-1.114	34.891	-1.1051
830	34.891	-1.114	34.891	-1.1051
832	34.89	-1.115	34.891	-1.1051
833	34.89	-1.115	34.891	-1.1051
834	34.89	-1.115	34.891	-1.1052
835	34.89	-1.114	34.891	-1.1053
836	34.89	-1.113	34.891	-1.1054
838	34.89	-1.112	34.891	-1.1056
839	34.89	-1.112	34.891	-1.1056
840	34.89	-1.111	34.891	-1.1057
841	34.891	-1.111	34.891	-1.1058
842	34.891	-1.112	34.891	-1.1059
843	34.891	-1.112	34.891	-1.106
844	34.891	-1.112	34.891	-1.1062
846	34.891	-1.113	34.891	-1.1063
847	34.891	-1.113	34.891	-1.1063
848	34.892	-1.115	34.891	-1.1064
849	34.891	-1.115	34.891	-1.1064
851	34.889	-1.113	34.891	-1.1065
852	34.89	-1.112	34.891	-1.1065
853	34.891	-1.111	34.891	-1.1066
854	34.891	-1.111	34.891	-1.1066
855	34.891	-1.112	34.891	-1.1066
857	34.892	-1.113	34.891	-1.1067
858	34.892	-1.114	34.891	-1.1067
859	34.891	-1.114	34.891	-1.1067
860	34.891	-1.114	34.892	-1.1068
862	34.891	-1.115	34.892	-1.1068
863	34.891	-1.115	34.892	-1.1068
864	34.89	-1.114	34.892	-1.1069
865	34.89	-1.113	34.892	-1.1069
866	34.891	-1.112	34.892	-1.1069
867	34.891	-1.112	34.892	-1.1069
868	34.891	-1.112	34.892	-1.1069
870	34.891	-1.111	34.892	-1.1069
871	34.891	-1.112	34.892	-1.107
872	34.892	-1.112	34.892	-1.107
873	34.891	-1.112	34.892	-1.1069
874	34.892	-1.112	34.892	-1.1069
875	34.892	-1.113	34.892	-1.1069
876	34.892	-1.113	34.892	-1.1069
877	34.891	-1.112	34.892	-1.1068
878	34.891	-1.111	34.892	-1.1068
880	34.888	-1.106	34.892	-1.1068
881	34.892	-1.107	34.892	-1.1068
882	34.892	-1.107	34.892	-1.1068
883	34.892	-1.107	34.892	-1.1068
884	34.892	-1.107	34.892	-1.1068
886	34.892	-1.107	34.892	-1.1068
887	34.892	-1.107	34.892	-1.1067
888	34.892	-1.107	34.892	-1.1067
889	34.892	-1.106	34.892	-1.1066
890	34.892	-1.106	34.892	-1.1065
891	34.892	-1.106	34.892	-1.1064
892	34.892	-1.106	34.892	-1.1064
893	34.892	-1.106	34.892	-1.1063
894	34.893	-1.107	34.892	-1.1063
895	34.893	-1.107	34.892	-1.1062
897	34.893	-1.109	34.892	-1.1062
898	34.892	-1.108	34.892	-1.1061
899	34.892	-1.107	34.892	-1.1061
900	34.891	-1.106	34.892	-1.106
902	34.892	-1.106	34.892	-1.106
904	34.893	-1.107	34.892	-1.1059
906	34.892	-1.107	34.892	-1.1059
907	34.892	-1.107	34.892	-1.1058
908	34.892	-1.107	34.892	-1.1057
910	34.89	-1.105	34.892	-1.1057
911	34.891	-1.103	34.892	-1.1057
912	34.892	-1.103	34.892	-1.1056
914	34.894	-1.106	34.892	-1.1055
915	34.892	-1.106	34.892	-1.1055
917	34.892	-1.105	34.892	-1.1054
918	34.892	-1.102	34.892	-1.1054
919	34.89	-1.1	34.892	-1.1054
920	34.892	-1.099	34.892	-1.1053
922	34.892	-1.097	34.892	-1.1053
923	34.893	-1.097	34.892	-1.1053
925	34.893	-1.096	34.893	-1.1052
926	34.893	-1.096	34.893	-1.1052
928	34.893	-1.095	34.893	-1.1052
929	34.895	-1.097	34.893	-1.1051
930	34.895	-1.1	34.893	-1.1051
931	34.895	-1.101	34.893	-1.1051
932	34.894	-1.103	34.893	-1.105
933	34.893	-1.103	34.893	-1.105
935	34.893	-1.103	34.893	-1.1049
936	34.894	-1.105	34.893	-1.1048
937	34.893	-1.106	34.893	-1.1048
938	34.894	-1.106	34.893	-1.1047
939	34.893	-1.107	34.893	-1.1046
940	34.894	-1.109	34.893	-1.1045
942	34.893	-1.111	34.893	-1.1044
943	34.893	-1.111	34.893	-1.1043
945	34.892	-1.111	34.893	-1.1043
946	34.893	-1.112	34.893	-1.1042
947	34.893	-1.113	34.893	-1.1041
948	34.892	-1.112	34.893	-1.1041
949	34.891	-1.111	34.893	-1.104
950	34.893	-1.112	34.893	-1.1039
951	34.892	-1.11	34.893	-1.1039
952	34.892	-1.11	34.893	-1.1038
953	34.893	-1.11	34.893	-1.1037
954	34.893	-1.11	34.893	-1.1037
955	34.893	-1.111	34.893	-1.1036
956	34.892	-1.11	34.893	-1.1035
957	34.892	-1.109	34.893	-1.1034
959	34.892	-1.108	34.893	-1.1034
960	34.892	-1.107	34.893	-1.1033
962	34.893	-1.106	34.893	-1.1033
963	34.893	-1.106	34.893	-1.1032
964	34.893	-1.107	34.893	-1.1032
966	34.893	-1.107	34.893	-1.1031
967	34.892	-1.105	34.893	-1.1031
968	34.892	-1.103	34.893	-1.103
969	34.892	-1.103	34.893	-1.103
970	34.891	-1.099	34.893	-1.1029
971	34.893	-1.097	34.893	-1.1029
972	34.895	-1.098	34.893	-1.1028
973	34.894	-1.099	34.893	-1.1027
974	34.894	-1.098	34.893	-1.1027
976	34.893	-1.096	34.893	-1.1026
977	34.893	-1.096	34.893	-1.1026
978	34.894	-1.096	34.893	-1.1025
979	34.896	-1.099	34.893	-1.1024
980	34.895	-1.1	34.894	-1.1024
981	34.894	-1.1	34.894	-1.1023
982	34.894	-1.101	34.894	-1.1023
983	34.894	-1.101	34.894	-1.1022
985	34.894	-1.101	34.894	-1.1022
986	34.893	-1.1	34.894	-1.1022
987	34.893	-1.099	34.894	-1.1021
988	34.894	-1.099	34.894	-1.1021
989	34.894	-1.098	34.894	-1.102
990	34.894	-1.098	34.894	-1.102
991	34.894	-1.098	34.894	-1.1019
992	34.893	-1.097	34.894	-1.1018
993	34.893	-1.095	34.894	-1.1018
994	34.894	-1.094	34.894	-1.1017
995	34.894	-1.093	34.894	-1.1016
997	34.895	-1.094	34.894	-1.1016
998	34.895	-1.094	34.894	-1.1015
1000	34.895	-1.095	34.894	-1.1014
1001	34.895	-1.096	34.894	-1.1014
1002	34.895	-1.097	34.894	-1.1014
1003	34.896	-1.099	34.894	-1.1013
1004	34.895	-1.1	34.894	-1.1013
1005	34.895	-1.099	34.894	-1.1013
1007	34.894	-1.098	34.894	-1.1013
1008	34.891	-1.094	34.894	-1.1013
1009	34.893	-1.092	34.894	-1.1012
1010	34.895	-1.092	34.894	-1.1012
1011	34.895	-1.092	34.894	-1.1012
1012	34.895	-1.092	34.894	-1.1012
1014	34.895	-1.093	34.894	-1.1012
1015	34.895	-1.093	34.894	-1.1012
1016	34.895	-1.094	34.894	-1.1012
1018	34.895	-1.094	34.894	-1.1012
1019	34.895	-1.095	34.894	-1.1012
1020	34.895	-1.095	34.894	-1.1012
1022	34.895	-1.095	34.894	-1.1012
1023	34.895	-1.096	34.894	-1.1012
1024	34.895	-1.096	34.894	-1.1012
1025	34.894	-1.094	34.894	-1.1012
1026	34.895	-1.094	34.894	-1.1013
1027	34.895	-1.094	34.894	-1.1013
1028	34.895	-1.093	34.894	-1.1013
1030	34.896	-1.095	34.894	-1.1013
1032	34.895	-1.096	34.894	-1.1013
1033	34.895	-1.096	34.894	-1.1013
1035	34.896	-1.099	34.894	-1.1014
1036	34.896	-1.1	34.894	-1.1014
1037	34.896	-1.101	34.894	-1.1014
1038	34.896	-1.104	34.894	-1.1014
1040	34.894	-1.105	34.894	-1.1014
1041	34.894	-1.105	34.894	-1.1015
1042	34.892	-1.103	34.894	-1.1015
1043	34.894	-1.103	34.894	-1.1015
1044	34.894	-1.102	34.894	-1.1016
1045	34.894	-1.102	34.894	-1.1016
1046	34.894	-1.102	34.894	-1.1017
1047	34.895	-1.102	34.894	-1.1017
1048	34.894	-1.102	34.894	-1.1018
1049	34.894	-1.102	34.894	-1.1018
1051	34.895	-1.102	34.894	-1.1018
1052	34.893	-1.099	34.894	-1.1018
1053	34.895	-1.097	34.894	-1.1018
1054	34.895	-1.096	34.894	-1.1018
1055	34.896	-1.097	34.895	-1.1018
1056	34.894	-1.096	34.895	-1.1018
1057	34.895	-1.096	34.895	-1.1018
1059	34.895	-1.095	34.895	-1.1018
1060	34.896	-1.097	34.895	-1.1018
1062	34.896	-1.099	34.895	-1.1018
1063	34.896	-1.099	34.895	-1.1018
1064	34.895	-1.099	34.895	-1.1017
1065	34.895	-1.099	34.895	-1.1017
1067	34.895	-1.099	34.895	-1.1017
1068	34.895	-1.099	34.895	-1.1017
1069	34.895	-1.099	34.895	-1.1016
1070	34.896	-1.1	34.895	-1.1016
1071	34.895	-1.1	34.895	-1.1016
1072	34.894	-1.099	34.895	-1.1016
1073	34.895	-1.099	34.895	-1.1015
1075	34.895	-1.1	34.895	-1.1015
1076	34.896	-1.101	34.895	-1.1015
1077	34.895	-1.101	34.895	-1.1015
1078	34.895	-1.101	34.895	-1.1014
1079	34.895	-1.101	34.895	-1.1014
1080	34.895	-1.101	34.895	-1.1014
1081	34.895	-1.102	34.895	-1.1014
1082	34.895	-1.102	34.895	-1.1015
1083	34.895	-1.102	34.895	-1.1015
1084	34.895	-1.102	34.895	-1.1015
1085	34.895	-1.102	34.895	-1.1015
1086	34.895	-1.102	34.895	-1.1015
1087	34.895	-1.102	34.895	-1.1016
1088	34.895	-1.102	34.895	-1.1016
1089	34.895	-1.102	34.895	-1.1017
1090	34.895	-1.102	34.895	-1.1018
1091	34.895	-1.101	34.895	-1.1018
1092	34.895	-1.101	34.895	-1.1019
1094	34.893	-1.099	34.895	-1.102
1095	34.895	-1.098	34.895	-1.102
1096	34.896	-1.099	34.895	-1.1021
1097	34.898	-1.102	34.895	-1.1022
1098	34.897	-1.105	34.895	-1.1022
1099	34.895	-1.105	34.895	-1.1023
1100	34.896	-1.106	34.895	-1.1023
1101	34.895	-1.106	34.895	-1.1024
1103	34.894	-1.105	34.895	-1.1024
1104	34.892	-1.102	34.895	-1.1025
1105	34.895	-1.102	34.895	-1.1025
1106	34.894	-1.102	34.895	-1.1026
1107	34.896	-1.101	34.895	-1.1026
1109	34.895	-1.1	34.895	-1.1027
1111	34.894	-1.097	34.895	-1.1027
1112	34.895	-1.099	34.895	-1.1028
1113	34.895	-1.098	34.895	-1.1029
1114	34.896	-1.099	34.895	-1.1029
1116	34.895	-1.099	34.895	-1.103
1117	34.896	-1.099	34.895	-1.1031
1118	34.897	-1.1	34.895	-1.1031
1119	34.896	-1.101	34.895	-1.1032
1120	34.896	-1.102	34.895	-1.1032
1121	34.896	-1.103	34.895	-1.1032
1122	34.895	-1.103	34.895	-1.1033
1124	34.895	-1.103	34.895	-1.1033
1125	34.895	-1.103	34.895	-1.1033
1126	34.895	-1.104	34.895	-1.1033
1127	34.894	-1.102	34.895	-1.1034
1128	34.895	-1.102	34.895	-1.1034
1129	34.896	-1.105	34.895	-1.1035
1130	34.896	-1.107	34.895	-1.1035
1131	34.895	-1.107	34.895	-1.1036
1132	34.895	-1.107	34.895	-1.1036
1133	34.896	-1.108	34.895	-1.1037
1134	34.895	-1.108	34.895	-1.1037
1135	34.896	-1.109	34.895	-1.1037
1136	34.894	-1.109	34.895	-1.1038
1137	34.893	-1.107	34.895	-1.1038
1138	34.895	-1.106	34.895	-1.1038
1139	34.895	-1.107	34.895	-1.1039
1140	34.896	-1.107	34.895	-1.1039
1141	34.896	-1.109	34.895	-1.1039
1142	34.896	-1.11	34.895	-1.1039
1143	34.895	-1.11	34.895	-1.1039
1144	34.895	-1.109	34.895	-1.1039
1146	34.895	-1.109	34.895	-1.1039
1147	34.895	-1.109	34.895	-1.1039
1148	34.895	-1.109	34.895	-1.1039
1149	34.895	-1.109	34.895	-1.1039
1151	34.894	-1.107	34.895	-1.1039
1152	34.895	-1.107	34.895	-1.1039
1153	34.895	-1.107	34.895	-1.1038
1154	34.894	-1.106	34.895	-1.1038
1155	34.895	-1.106	34.895	-1.1037
1157	34.895	-1.105	34.895	-1.1037
1158	34.895	-1.105	34.895	-1.1036
1159	34.895	-1.105	34.895	-1.1036
1160	34.895	-1.105	34.895	-1.1035
1161	34.895	-1.105	34.895	-1.1035
1162	34.895	-1.105	34.895	-1.1035
1163	34.895	-1.105	34.895	-1.1034
1164	34.895	-1.105	34.895	-1.1034
1165	34.895	-1.105	34.895	-1.1034
1167	34.895	-1.105	34.895	-1.1033
1168	34.895	-1.105	34.895	-1.1033
1170	34.895	-1.105	34.895	-1.1033
1171	34.895	-1.105	34.895	-1.1033
1173	34.895	-1.105	34.895	-1.1033
1174	34.896	-1.105	34.895	-1.1033
1175	34.896	-1.106	34.895	-1.1033
1177	34.896	-1.107	34.895	-1.1033
1178	34.895	-1.107	34.895	-1.1033
1179	34.895	-1.107	34.895	-1.1033
1180	34.896	-1.107	34.895	-1.1033
1181	34.895	-1.107	34.895	-1.1033
1182	34.895	-1.107	34.896	-1.1033
1183	34.895	-1.106	34.896	-1.1032
1184	34.895	-1.106	34.896	-1.1032
1185	34.895	-1.106	34.896	-1.1032
1186	34.895	-1.105	34.896	-1.1032
1188	34.895	-1.105	34.896	-1.1032
1189	34.896	-1.106	34.896	-1.1031
1190	34.895	-1.106	34.896	-1.1031
1191	34.896	-1.106	34.896	-1.1031
1192	34.895	-1.106	34.896	-1.1031
1194	34.895	-1.107	34.896	-1.103
1195	34.896	-1.107	34.896	-1.103
1196	34.896	-1.107	34.896	-1.103
1198	34.896	-1.108	34.896	-1.103
1199	34.896	-1.109	34.896	-1.103
1200	34.896	-1.11	34.896	-1.1029
1201	34.896	-1.11	34.896	-1.1029
1202	34.896	-1.11	34.896	-1.1029
1203	34.895	-1.11	34.896	-1.1029
1205	34.896	-1.11	34.896	-1.1029
1206	34.896	-1.111	34.896	-1.1028
1207	34.895	-1.111	34.896	-1.1028
1208	34.895	-1.111	34.896	-1.1028
1209	34.895	-1.111	34.896	-1.1028
1210	34.895	-1.111	34.896	-1.1028
1211	34.895	-1.111	34.896	-1.1028
1212	34.895	-1.111	34.896	-1.1028
1213	34.895	-1.111	34.896	-1.1028
1214	34.895	-1.111	34.896	-1.1028
1215	34.895	-1.111	34.896	-1.1028
1217	34.895	-1.111	34.896	-1.1028
1218	34.895	-1.111	34.896	-1.1028
1219	34.895	-1.11	34.896	-1.1027
1220	34.895	-1.11	34.896	-1.1027
1221	34.895	-1.11	34.896	-1.1027
1222	34.895	-1.109	34.896	-1.1027
1223	34.895	-1.109	34.896	-1.1027
1224	34.895	-1.109	34.896	-1.1027
1225	34.895	-1.108	34.896	-1.1028
1226	34.895	-1.108	34.896	-1.1028
1227	34.896	-1.108	34.896	-1.1028
1228	34.895	-1.108	34.896	-1.1028
1229	34.895	-1.108	34.896	-1.1028
1230	34.895	-1.107	34.896	-1.1029
1231	34.894	-1.106	34.896	-1.1029
1232	34.895	-1.105	34.896	-1.1029
1233	34.894	-1.104	34.896	-1.1029
1234	34.895	-1.102	34.896	-1.1028
1236	34.895	-1.103	34.896	-1.1028
1237	34.896	-1.103	34.896	-1.1028
1238	34.896	-1.103	34.896	-1.1028
1239	34.896	-1.103	34.896	-1.1028
1240	34.896	-1.103	34.896	-1.1027
1241	34.896	-1.102	34.896	-1.1027
1242	34.896	-1.103	34.896	-1.1027
1243	34.896	-1.104	34.896	-1.1026
1244	34.895	-1.103	34.896	-1.1026
1245	34.895	-1.102	34.896	-1.1025
1246	34.896	-1.102	34.896	-1.1025
1247	34.896	-1.101	34.896	-1.1024
1248	34.896	-1.101	34.896	-1.1024
1249	34.896	-1.101	34.896	-1.1023
1250	34.896	-1.101	34.896	-1.1022
1251	34.896	-1.101	34.896	-1.1022
1252	34.896	-1.1	34.896	-1.1021
1253	34.896	-1.1	34.896	-1.102
1254	34.896	-1.099	34.896	-1.102
1255	34.895	-1.097	34.896	-1.1019
1256	34.896	-1.096	34.896	-1.1018
1258	34.896	-1.096	34.896	-1.1018
1259	34.896	-1.095	34.896	-1.1017
1260	34.897	-1.096	34.896	-1.1016
1261	34.896	-1.095	34.896	-1.1016
1262	34.897	-1.095	34.896	-1.1015
1263	34.896	-1.095	34.896	-1.1015
1264	34.897	-1.095	34.896	-1.1014
1265	34.897	-1.095	34.896	-1.1014
1266	34.897	-1.094	34.896	-1.1013
1268	34.897	-1.095	34.896	-1.1013
1269	34.896	-1.094	34.896	-1.1012
1270	34.896	-1.093	34.896	-1.1012
1271	34.898	-1.094	34.896	-1.1012
1272	34.897	-1.094	34.896	-1.1012
1273	34.897	-1.094	34.896	-1.1011
1274	34.897	-1.094	34.896	-1.1011
1275	34.897	-1.095	34.896	-1.1011
1276	34.897	-1.095	34.896	-1.1011
1277	34.898	-1.095	34.896	-1.101
1278	34.897	-1.095	34.896	-1.101
1279	34.897	-1.096	34.896	-1.101
1280	34.897	-1.096	34.896	-1.101
1282	34.897	-1.096	34.897	-1.101
1283	34.898	-1.097	34.897	-1.1009
1284	34.897	-1.096	34.897	-1.1009
1286	34.897	-1.096	34.897	-1.1009
1287	34.897	-1.096	34.897	-1.1008
1289	34.897	-1.096	34.897	-1.1008
1290	34.897	-1.097	34.897	-1.1007
1291	34.897	-1.096	34.897	-1.1007
1292	34.897	-1.096	34.897	-1.1006
1294	34.897	-1.096	34.897	-1.1006
1295	34.896	-1.096	34.897	-1.1005
1296	34.897	-1.095	34.897	-1.1005
1297	34.897	-1.095	34.897	-1.1005
1298	34.897	-1.095	34.897	-1.1004
1299	34.897	-1.095	34.897	-1.1004
1301	34.897	-1.095	34.897	-1.1004
1302	34.898	-1.096	34.897	-1.1003
1304	34.897	-1.096	34.897	-1.1003
1305	34.897	-1.096	34.897	-1.1003
1306	34.898	-1.097	34.897	-1.1003
1307	34.898	-1.097	34.897	-1.1002
1308	34.897	-1.097	34.897	-1.1002
1309	34.897	-1.098	34.897	-1.1002
1310	34.897	-1.098	34.897	-1.1002
1312	34.897	-1.098	34.897	-1.1002
1313	34.898	-1.098	34.897	-1.1001
1314	34.897	-1.098	34.897	-1.1001
1315	34.897	-1.098	34.897	-1.1001
1316	34.897	-1.098	34.897	-1.1001
1318	34.897	-1.098	34.897	-1.1001
1319	34.898	-1.099	34.897	-1.1001
1320	34.898	-1.099	34.897	-1.1001
1322	34.897	-1.1	34.897	-1.1001
1323	34.897	-1.1	34.897	-1.1
1324	34.897	-1.101	34.897	-1.1
1325	34.897	-1.101	34.897	-1.1
1326	34.897	-1.101	34.897	-1.1
1328	34.896	-1.099	34.897	-1.1
1329	34.897	-1.099	34.897	-1.0999
1331	34.898	-1.1	34.897	-1.0999
1332	34.898	-1.102	34.897	-1.0998
1333	34.898	-1.102	34.897	-1.0998
1334	34.898	-1.103	34.897	-1.0998
1335	34.897	-1.103	34.897	-1.0998
1336	34.897	-1.103	34.897	-1.0997
1337	34.897	-1.102	34.897	-1.0997
1338	34.897	-1.103	34.897	-1.0997
1339	34.897	-1.103	34.897	-1.0997
1340	34.897	-1.103	34.897	-1.0997
1341	34.897	-1.103	34.897	-1.0997
1342	34.897	-1.103	34.897	-1.0997
1344	34.896	-1.102	34.897	-1.0997
1345	34.897	-1.102	34.897	-1.0997
1346	34.896	-1.101	34.897	-1.0997
1347	34.896	-1.1	34.897	-1.0998
1348	34.896	-1.098	34.897	-1.0998
1349	34.897	-1.098	34.897	-1.0998
1350	34.897	-1.099	34.897	-1.0999
1351	34.897	-1.099	34.897	-1.0999
1352	34.897	-1.099	34.897	-1.0999
1354	34.896	-1.098	34.897	-1.0999
1355	34.897	-1.098	34.897	-1.0999
1356	34.897	-1.097	34.897	-1.1
1357	34.898	-1.097	34.897	-1.1
1358	34.897	-1.097	34.897	-1.1
1359	34.897	-1.097	34.897	-1.1
1360	34.897	-1.096	34.897	-1.1
1361	34.897	-1.096	34.897	-1.1
1363	34.897	-1.096	34.897	-1.1
1364	34.898	-1.096	34.897	-1.1
1365	34.897	-1.095	34.897	-1.1
1366	34.898	-1.096	34.897	-1.1
1367	34.898	-1.095	34.897	-1.1
1368	34.897	-1.094	34.897	-1.1
1370	34.898	-1.094	34.897	-1.1001
1371	34.898	-1.095	34.897	-1.1001
1372	34.898	-1.096	34.897	-1.1001
1373	34.898	-1.096	34.897	-1.1002
1374	34.898	-1.096	34.897	-1.1002
1375	34.898	-1.096	34.897	-1.1003
1377	34.897	-1.096	34.897	-1.1004
1378	34.898	-1.097	34.897	-1.1004
1379	34.898	-1.097	34.897	-1.1005
1380	34.898	-1.097	34.897	-1.1005
1381	34.898	-1.097	34.897	-1.1006
1382	34.898	-1.097	34.897	-1.1007
1383	34.898	-1.098	34.897	-1.1007
1384	34.898	-1.098	34.897	-1.1008
1385	34.898	-1.098	34.897	-1.1009
1386	34.898	-1.099	34.897	-1.1009
1387	34.899	-1.099	34.897	-1.101
1388	34.899	-1.101	34.897	-1.1011
1389	34.897	-1.101	34.897	-1.1012
1390	34.897	-1.1	34.897	-1.1013
1392	34.898	-1.101	34.897	-1.1014
1393	34.898	-1.101	34.897	-1.1014
1394	34.897	-1.1	34.897	-1.1015
1395	34.897	-1.1	34.897	-1.1016
1397	34.897	-1.1	34.897	-1.1017
1399	34.897	-1.1	34.897	-1.1018
1400	34.897	-1.1	34.897	-1.1018
1401	34.897	-1.1	34.897	-1.1019
1402	34.897	-1.1	34.897	-1.102
1404	34.897	-1.099	34.897	-1.1021
1405	34.897	-1.099	34.897	-1.1022
1406	34.897	-1.098	34.897	-1.1023
1407	34.898	-1.098	34.897	-1.1023
1408	34.897	-1.097	34.897	-1.1024
1409	34.897	-1.097	34.897	-1.1025
1411	34.898	-1.097	34.897	-1.1026
1412	34.898	-1.097	34.897	-1.1027
1413	34.899	-1.098	34.897	-1.1027
1414	34.898	-1.098	34.897	-1.1028
1415	34.898	-1.098	34.897	-1.1029
1416	34.898	-1.099	34.897	-1.103
1417	34.898	-1.1	34.897	-1.1031
1418	34.898	-1.1	34.897	-1.1031
1420	34.898	-1.1	34.897	-1.1032
1421	34.898	-1.101	34.897	-1.1033
1422	34.898	-1.101	34.897	-1.1034
1424	34.898	-1.102	34.897	-1.1034
1425	34.898	-1.103	34.897	-1.1035
1427	34.898	-1.103	34.897	-1.1036
1428	34.898	-1.104	34.897	-1.1036
1429	34.898	-1.105	34.897	-1.1037
1431	34.897	-1.106	34.897	-1.1037
1432	34.898	-1.107	34.897	-1.1038
1433	34.898	-1.108	34.897	-1.1038
1434	34.897	-1.108	34.897	-1.1039
1435	34.897	-1.109	34.897	-1.1039
1437	34.897	-1.109	34.897	-1.104
1438	34.897	-1.109	34.897	-1.104
1439	34.897	-1.108	34.897	-1.1041
1440	34.897	-1.108	34.897	-1.1042
1441	34.896	-1.106	34.897	-1.1042
1443	34.898	-1.105	34.897	-1.1043
1444	34.898	-1.107	34.897	-1.1043
1445	34.897	-1.106	34.897	-1.1044
1446	34.896	-1.105	34.897	-1.1044
1447	34.896	-1.104	34.897	-1.1045
1449	34.897	-1.103	34.897	-1.1045
1450	34.897	-1.104	34.897	-1.1046
1451	34.898	-1.105	34.897	-1.1046
1452	34.898	-1.105	34.897	-1.1046
1453	34.898	-1.105	34.897	-1.1047
1454	34.897	-1.105	34.897	-1.1047
1456	34.898	-1.106	34.897	-1.1048
1457	34.898	-1.108	34.897	-1.1048
1458	34.898	-1.109	34.897	-1.1048
1459	34.897	-1.109	34.897	-1.1049
1460	34.897	-1.109	34.897	-1.1049
1461	34.897	-1.109	34.897	-1.1049
1462	34.897	-1.11	34.897	-1.105
1463	34.897	-1.11	34.897	-1.105
1464	34.897	-1.11	34.897	-1.105
1465	34.897	-1.111	34.897	-1.1051
1466	34.897	-1.111	34.897	-1.1051
1467	34.896	-1.11	34.897	-1.1052
1468	34.895	-1.108	34.897	-1.1052
1469	34.896	-1.107	34.897	-1.1052
1470	34.896	-1.107	34.897	-1.1053
1472	34.897	-1.105	34.897	-1.1053
1473	34.897	-1.105	34.897	-1.1054
1474	34.897	-1.105	34.897	-1.1054
1475	34.897	-1.104	34.897	-1.1055
1476	34.897	-1.104	34.897	-1.1055
1477	34.897	-1.104	34.897	-1.1056
1478	34.897	-1.104	34.897	-1.1056
1479	34.897	-1.103	34.897	-1.1057
1480	34.897	-1.103	34.897	-1.1057
1482	34.897	-1.103	34.897	-1.1058
1484	34.897	-1.103	34.897	-1.1059
1486	34.897	-1.104	34.897	-1.1059
1487	34.897	-1.104	34.897	-1.106
1488	34.897	-1.104	34.897	-1.106
1489	34.897	-1.105	34.897	-1.1061
1491	34.898	-1.105	34.897	-1.1061
1492	34.898	-1.106	34.897	-1.1062
1493	34.898	-1.107	34.897	-1.1062
1494	34.898	-1.108	34.897	-1.1063
1495	34.897	-1.109	34.897	-1.1063
1496	34.897	-1.108	34.897	-1.1063
1497	34.896	-1.107	34.897	-1.1064
1498	34.897	-1.107	34.897	-1.1064
1499	34.898	-1.108	34.897	-1.1065
1500	34.898	-1.108	34.897	-1.1065
1502	34.897	-1.108	34.897	-1.1066
1503	34.897	-1.108	34.897	-1.1066
1504	34.897	-1.109	34.897	-1.1066
1505	34.897	-1.109	34.897	-1.1067
1506	34.898	-1.11	34.897	-1.1067
1507	34.897	-1.111	34.897	-1.1068
1508	34.897	-1.111	34.897	-1.1068
1509	34.897	-1.111	34.897	-1.1068
1511	34.896	-1.11	34.897	-1.1068
1512	34.897	-1.111	34.897	-1.1069
1513	34.897	-1.111	34.897	-1.1069
1514	34.897	-1.112	34.897	-1.1069
1515	34.897	-1.111	34.897	-1.1069
1516	34.897	-1.112	34.897	-1.107
1517	34.897	-1.113	34.897	-1.107
1518	34.897	-1.113	34.897	-1.107
1519	34.897	-1.113	34.897	-1.1071
1520	34.897	-1.113	34.897	-1.1071
1521	34.897	-1.113	34.897	-1.1071
1522	34.896	-1.113	34.897	-1.1072
1524	34.896	-1.112	34.897	-1.1072
1525	34.896	-1.112	34.897	-1.1072
1526	34.896	-1.112	34.897	-1.1073
1527	34.897	-1.112	34.897	-1.1073
1528	34.897	-1.112	34.897	-1.1074
1529	34.897	-1.112	34.897	-1.1074
1530	34.896	-1.112	34.897	-1.1075
1531	34.897	-1.112	34.897	-1.1075
1532	34.897	-1.112	34.897	-1.1075
1533	34.897	-1.111	34.897	-1.1075
1535	34.897	-1.111	34.897	-1.1076
1536	34.897	-1.111	34.897	-1.1076
1538	34.897	-1.112	34.897	-1.1076
1539	34.896	-1.11	34.897	-1.1076
1540	34.896	-1.11	34.897	-1.1076
1542	34.897	-1.109	34.897	-1.1076
1543	34.897	-1.109	34.897	-1.1076
1544	34.897	-1.109	34.897	-1.1077
1545	34.897	-1.109	34.897	-1.1076
1547	34.897	-1.109	34.897	-1.1076
1548	34.897	-1.109	34.897	-1.1076
1549	34.897	-1.109	34.897	-1.1076
1550	34.897	-1.109	34.897	-1.1076
1551	34.897	-1.109	34.897	-1.1076
1553	34.897	-1.109	34.897	-1.1075
1554	34.897	-1.11	34.897	-1.1075
1555	34.897	-1.11	34.897	-1.1075
1556	34.897	-1.11	34.897	-1.1075
1557	34.897	-1.11	34.897	-1.1075
1559	34.897	-1.111	34.897	-1.1075
1560	34.897	-1.111	34.897	-1.1075
1562	34.897	-1.112	34.897	-1.1075
1563	34.897	-1.111	34.897	-1.1075
1564	34.896	-1.111	34.897	-1.1075
1565	34.896	-1.111	34.897	-1.1075
1567	34.896	-1.11	34.897	-1.1075
1568	34.897	-1.11	34.897	-1.1075
1570	34.897	-1.11	34.897	-1.1075
1571	34.897	-1.111	34.897	-1.1075
1572	34.897	-1.11	34.897	-1.1075
1573	34.897	-1.11	34.897	-1.1075
1574	34.897	-1.11	34.897	-1.1075
1575	34.897	-1.11	34.897	-1.1075
1576	34.897	-1.11	34.897	-1.1075
1578	34.896	-1.109	34.897	-1.1075
1579	34.897	-1.109	34.897	-1.1075
1580	34.897	-1.109	34.897	-1.1075
1581	34.896	-1.108	34.897	-1.1075
1582	34.897	-1.108	34.897	-1.1074
1583	34.896	-1.108	34.897	-1.1074
1584	34.897	-1.108	34.897	-1.1074
1585	34.897	-1.107	34.897	-1.1073
1587	34.897	-1.107	34.897	-1.1073
1588	34.897	-1.108	34.897	-1.1073
1589	34.897	-1.108	34.897	-1.1072
1590	34.897	-1.107	34.897	-1.1072
1591	34.897	-1.107	34.897	-1.1072
1593	34.897	-1.107	34.897	-1.1072
1594	34.897	-1.108	34.897	-1.1071
1595	34.897	-1.107	34.897	-1.1071
1597	34.897	-1.107	34.897	-1.1071
1598	34.897	-1.107	34.897	-1.107
1599	34.897	-1.107	34.897	-1.107
1601	34.897	-1.107	34.897	-1.107
1602	34.897	-1.107	34.897	-1.107
1604	34.897	-1.107	34.897	-1.107
1605	34.897	-1.106	34.897	-1.1069
1607	34.897	-1.105	34.897	-1.1069
1608	34.897	-1.105	34.897	-1.1069
1610	34.898	-1.105	34.897	-1.1069
1611	34.897	-1.105	34.897	-1.1069
1612	34.898	-1.105	34.897	-1.1068
1613	34.898	-1.105	34.897	-1.1068
1614	34.897	-1.105	34.897	-1.1068
1615	34.897	-1.105	34.897	-1.1067
1616	34.898	-1.105	34.897	-1.1067
1617	34.897	-1.105	34.897	-1.1066
1618	34.898	-1.105	34.897	-1.1066
1619	34.898	-1.106	34.897	-1.1065
1620	34.899	-1.107	34.897	-1.1065
1621	34.897	-1.106	34.897	-1.1064
1622	34.897	-1.106	34.897	-1.1064
1623	34.897	-1.106	34.897	-1.1063
1624	34.898	-1.106	34.897	-1.1063
1625	34.898	-1.106	34.897	-1.1062
1626	34.898	-1.107	34.897	-1.1061
1627	34.897	-1.106	34.897	-1.1061
1628	34.897	-1.106	34.897	-1.106
1629	34.897	-1.106	34.897	-1.1059
1630	34.898	-1.106	34.897	-1.1059
1632	34.898	-1.106	34.897	-1.1058
1633	34.897	-1.106	34.897	-1.1057
1634	34.897	-1.106	34.897	-1.1056
1636	34.897	-1.106	34.897	-1.1055
1637	34.898	-1.106	34.897	-1.1054
1638	34.898	-1.107	34.897	-1.1054
1639	34.897	-1.106	34.897	-1.1053
1640	34.897	-1.106	34.897	-1.1052
1641	34.897	-1.106	34.897	-1.1051
1642	34.897	-1.106	34.897	-1.105
1643	34.897	-1.106	34.897	-1.1049
1644	34.897	-1.105	34.897	-1.1048
1645	34.897	-1.106	34.898	-1.1047
1646	34.898	-1.106	34.898	-1.1046
1647	34.897	-1.105	34.898	-1.1045
1648	34.897	-1.105	34.898	-1.1044
1649	34.898	-1.106	34.898	-1.1043
1650	34.898	-1.105	34.898	-1.1042
1652	34.897	-1.104	34.898	-1.1041
1653	34.897	-1.104	34.898	-1.104
1654	34.898	-1.104	34.898	-1.104
1655	34.898	-1.104	34.898	-1.1039
1656	34.898	-1.104	34.898	-1.1038
1658	34.898	-1.104	34.898	-1.1037
1659	34.898	-1.104	34.898	-1.1037
1660	34.898	-1.104	34.898	-1.1036
1662	34.898	-1.104	34.898	-1.1035
1663	34.898	-1.104	34.898	-1.1035
1664	34.898	-1.103	34.898	-1.1034
1665	34.898	-1.103	34.898	-1.1033
1666	34.898	-1.103	34.898	-1.1033
1667	34.898	-1.104	34.898	-1.1032
1668	34.898	-1.104	34.898	-1.1031
1669	34.898	-1.104	34.898	-1.103
1671	34.898	-1.105	34.898	-1.103
1672	34.898	-1.105	34.898	-1.1029
1673	34.898	-1.105	34.898	-1.1028
1674	34.898	-1.105	34.898	-1.1027
1675	34.897	-1.105	34.898	-1.1026
1676	34.898	-1.105	34.898	-1.1025
1677	34.898	-1.105	34.898	-1.1025
1678	34.898	-1.105	34.898	-1.1024
1679	34.898	-1.106	34.898	-1.1023
1680	34.898	-1.106	34.898	-1.1022
1682	34.898	-1.106	34.898	-1.1021
1683	34.898	-1.106	34.898	-1.102
1684	34.898	-1.106	34.898	-1.1019
1685	34.898	-1.107	34.898	-1.1019
1686	34.897	-1.106	34.898	-1.1018
1687	34.897	-1.106	34.898	-1.1017
1688	34.897	-1.106	34.898	-1.1016
1689	34.898	-1.106	34.898	-1.1015
1690	34.898	-1.106	34.898	-1.1015
1691	34.898	-1.106	34.898	-1.1014
1692	34.898	-1.107	34.898	-1.1013
1693	34.898	-1.107	34.898	-1.1012
1694	34.897	-1.107	34.898	-1.1011
1695	34.897	-1.106	34.898	-1.1011
1696	34.897	-1.106	34.898	-1.101
1697	34.893	-1.104	34.898	-1.1009
1698	34.898	-1.104	34.898	-1.1009
1699	34.897	-1.103	34.898	-1.1008
1700	34.898	-1.102	34.898	-1.1007
1701	34.898	-1.102	34.898	-1.1007
1702	34.898	-1.102	34.898	-1.1006
1703	34.898	-1.102	34.898	-1.1005
1704	34.897	-1.101	34.898	-1.1004
1705	34.897	-1.1	34.898	-1.1004
1706	34.897	-1.099	34.898	-1.1003
1708	34.898	-1.099	34.898	-1.1002
1709	34.898	-1.098	34.898	-1.1002
1711	34.898	-1.098	34.898	-1.1001
1712	34.899	-1.098	34.898	-1.1
1713	34.899	-1.099	34.898	-1.1
1714	34.898	-1.099	34.898	-1.0999
1715	34.898	-1.099	34.898	-1.0998
1716	34.899	-1.099	34.898	-1.0997
1717	34.898	-1.099	34.898	-1.0997
1718	34.9	-1.101	34.898	-1.0996
1719	34.898	-1.1	34.898	-1.0996
1720	34.898	-1.1	34.898	-1.0995
1721	34.898	-1.1	34.898	-1.0994
1722	34.898	-1.1	34.898	-1.0994
1723	34.898	-1.1	34.898	-1.0993
1725	34.898	-1.099	34.898	-1.0992
1726	34.898	-1.099	34.898	-1.0992
1727	34.898	-1.099	34.898	-1.0991
1728	34.898	-1.099	34.898	-1.099
1730	34.898	-1.098	34.898	-1.0989
1731	34.898	-1.098	34.898	-1.0989
1733	34.899	-1.098	34.898	-1.0988
1734	34.898	-1.097	34.898	-1.0987
1735	34.898	-1.097	34.898	-1.0986
1736	34.898	-1.096	34.898	-1.0985
1738	34.899	-1.097	34.898	-1.0985
1739	34.898	-1.097	34.898	-1.0984
1740	34.898	-1.096	34.898	-1.0983
1742	34.898	-1.096	34.898	-1.0982
1743	34.899	-1.096	34.898	-1.0981
1744	34.899	-1.096	34.898	-1.0981
1745	34.899	-1.096	34.898	-1.098
1746	34.898	-1.095	34.898	-1.0979
1747	34.898	-1.095	34.898	-1.0978
1749	34.899	-1.095	34.898	-1.0977
1750	34.899	-1.095	34.898	-1.0976
1751	34.899	-1.095	34.898	-1.0976
1753	34.898	-1.094	34.899	-1.0975
1754	34.899	-1.095	34.899	-1.0974
1756	34.899	-1.094	34.899	-1.0973
1757	34.899	-1.094	34.899	-1.0972
1759	34.898	-1.093	34.899	-1.0971
1760	34.899	-1.093	34.899	-1.097
1762	34.899	-1.093	34.899	-1.0969
1763	34.899	-1.093	34.899	-1.0968
1765	34.899	-1.094	34.899	-1.0967
1766	34.899	-1.094	34.899	-1.0966
1767	34.899	-1.094	34.899	-1.0965
1769	34.899	-1.093	34.899	-1.0965
1770	34.899	-1.092	34.899	-1.0964
1772	34.9	-1.092	34.899	-1.0963
1773	34.9	-1.093	34.899	-1.0962
1774	34.9	-1.095	34.899	-1.0961
1776	34.899	-1.095	34.899	-1.096
1777	34.899	-1.097	34.899	-1.096
1778	34.899	-1.097	34.899	-1.0959
1779	34.898	-1.096	34.899	-1.0958
1780	34.899	-1.096	34.899	-1.0957
1781	34.899	-1.096	34.899	-1.0956
1782	34.899	-1.096	34.899	-1.0955
1783	34.898	-1.095	34.899	-1.0955
1784	34.899	-1.096	34.899	-1.0954
1786	34.899	-1.096	34.899	-1.0953
1788	34.898	-1.095	34.899	-1.0952
1789	34.899	-1.095	34.899	-1.0951
1791	34.898	-1.094	34.899	-1.095
1792	34.9	-1.093	34.899	-1.0949
1793	34.899	-1.092	34.899	-1.0949
1795	34.899	-1.092	34.899	-1.0948
1796	34.9	-1.093	34.899	-1.0947
1797	34.899	-1.093	34.899	-1.0946
1798	34.899	-1.092	34.899	-1.0945
1799	34.9	-1.093	34.899	-1.0943
1800	34.899	-1.093	34.899	-1.0942
1801	34.899	-1.093	34.899	-1.0941
1803	34.9	-1.094	34.899	-1.094
1804	34.9	-1.095	34.899	-1.0939
1805	34.899	-1.095	34.899	-1.0938
1806	34.899	-1.095	34.899	-1.0937
1807	34.899	-1.094	34.899	-1.0936
1809	34.899	-1.094	34.899	-1.0934
1810	34.899	-1.094	34.899	-1.0933
1811	34.899	-1.094	34.899	-1.0932
1812	34.899	-1.094	34.899	-1.0931
1814	34.899	-1.093	34.899	-1.0929
1815	34.899	-1.093	34.899	-1.0928
1816	34.899	-1.094	34.899	-1.0927
1817	34.899	-1.094	34.899	-1.0925
1818	34.899	-1.094	34.899	-1.0924
1819	34.899	-1.094	34.899	-1.0923
1821	34.899	-1.094	34.899	-1.0921
1822	34.899	-1.094	34.899	-1.092
1823	34.899	-1.094	34.899	-1.0919
1824	34.899	-1.093	34.899	-1.0918
1825	34.899	-1.094	34.899	-1.0917
1826	34.899	-1.094	34.899	-1.0916
1827	34.899	-1.094	34.899	-1.0914
1828	34.899	-1.093	34.899	-1.0913
1830	34.899	-1.093	34.899	-1.0912
1831	34.899	-1.093	34.899	-1.0911
1832	34.899	-1.093	34.899	-1.091
1833	34.899	-1.093	34.899	-1.0909
1834	34.899	-1.093	34.899	-1.0908
1835	34.899	-1.093	34.899	-1.0907
1836	34.899	-1.093	34.899	-1.0905
1837	34.899	-1.093	34.899	-1.0904
1838	34.899	-1.093	34.899	-1.0903
1839	34.899	-1.093	34.899	-1.0902
1840	34.899	-1.093	34.899	-1.0901
1841	34.9	-1.093	34.899	-1.09
1842	34.899	-1.093	34.899	-1.0899
1843	34.899	-1.092	34.899	-1.0898
1845	34.899	-1.092	34.899	-1.0897
1846	34.899	-1.092	34.9	-1.0896
1847	34.899	-1.091	34.9	-1.0895
1848	34.899	-1.091	34.9	-1.0894
1849	34.899	-1.09	34.9	-1.0893
1850	34.899	-1.09	34.9	-1.0892
1851	34.9	-1.09	34.9	-1.0891
1852	34.9	-1.09	34.9	-1.089
1853	34.9	-1.09	34.9	-1.0889
1854	34.9	-1.091	34.9	-1.0887
1855	34.899	-1.091	34.9	-1.0886
1856	34.899	-1.091	34.9	-1.0885
1857	34.899	-1.09	34.9	-1.0884
1858	34.9	-1.091	34.9	-1.0883
1859	34.899	-1.09	34.9	-1.0882
1860	34.899	-1.09	34.9	-1.0881
1861	34.9	-1.09	34.9	-1.088
1862	34.899	-1.09	34.9	-1.0879
1863	34.899	-1.09	34.9	-1.0878
1864	34.899	-1.09	34.9	-1.0877
1865	34.9	-1.09	34.9	-1.0876
1866	34.9	-1.089	34.9	-1.0875
1868	34.899	-1.088	34.9	-1.0874
1869	34.9	-1.088	34.9	-1.0873
1870	34.9	-1.088	34.9	-1.0871
1871	34.9	-1.088	34.9	-1.087
1872	34.9	-1.088	34.9	-1.0869
1873	34.9	-1.088	34.9	-1.0868
1874	34.9	-1.088	34.9	-1.0867
1875	34.9	-1.088	34.9	-1.0866
1876	34.899	-1.087	34.9	-1.0865
1877	34.9	-1.087	34.9	-1.0864
1878	34.9	-1.087	34.9	-1.0863
1879	34.9	-1.087	34.9	-1.0862
1880	34.9	-1.087	34.9	-1.086
1881	34.9	-1.087	34.9	-1.0859
1882	34.9	-1.087	34.9	-1.0858
1883	34.9	-1.087	34.9	-1.0857
1884	34.9	-1.087	34.9	-1.0856
1886	34.9	-1.087	34.9	-1.0855
1887	34.9	-1.087	34.9	-1.0854
1888	34.9	-1.088	34.9	-1.0853
1889	34.9	-1.088	34.9	-1.0852
1890	34.9	-1.088	34.9	-1.0851
1892	34.9	-1.087	34.9	-1.0849
1893	34.9	-1.087	34.9	-1.0848
1895	34.9	-1.088	34.9	-1.0847
1896	34.9	-1.088	34.9	-1.0846
1897	34.9	-1.087	34.9	-1.0844
1899	34.9	-1.087	34.9	-1.0843
1900	34.9	-1.087	34.9	-1.0842
1902	34.9	-1.087	34.9	-1.0841
1903	34.899	-1.086	34.9	-1.0839
1904	34.9	-1.086	34.9	-1.0838
1905	34.9	-1.086	34.9	-1.0837
1906	34.9	-1.086	34.9	-1.0836
1907	34.9	-1.085	34.9	-1.0835
1908	34.9	-1.085	34.9	-1.0833
1909	34.9	-1.085	34.9	-1.0832
1910	34.9	-1.085	34.9	-1.0831
1911	34.9	-1.084	34.9	-1.083
1913	34.9	-1.084	34.9	-1.0828
1914	34.9	-1.084	34.9	-1.0827
1916	34.9	-1.084	34.9	-1.0825
1917	34.9	-1.084	34.9	-1.0824
1919	34.9	-1.083	34.9	-1.0823
1920	34.9	-1.083	34.9	-1.0821
1922	34.9	-1.082	34.9	-1.082
1923	34.901	-1.082	34.9	-1.0819
1924	34.9	-1.082	34.9	-1.0817
1926	34.9	-1.08	34.9	-1.0816
1927	34.9	-1.08	34.9	-1.0814
1929	34.901	-1.081	34.901	-1.0813
1930	34.9	-1.08	34.901	-1.0812
1931	34.901	-1.08	34.901	-1.081
1933	34.901	-1.08	34.901	-1.0809
1934	34.901	-1.08	34.901	-1.0808
1935	34.901	-1.08	34.901	-1.0806
1936	34.901	-1.08	34.901	-1.0805
1937	34.901	-1.08	34.901	-1.0803
1939	34.9	-1.079	34.901	-1.0802
1940	34.9	-1.079	34.901	-1.0801
1942	34.901	-1.079	34.901	-1.0799
1944	34.901	-1.078	34.901	-1.0798
1945	34.901	-1.077	34.901	-1.0797
1947	34.901	-1.077	34.901	-1.0795
1948	34.901	-1.078	34.901	-1.0794
1949	34.901	-1.078	34.901	-1.0793
1950	34.901	-1.077	34.901	-1.0792
1951	34.901	-1.077	34.901	-1.079
1952	34.901	-1.077	34.901	-1.0789
1953	34.901	-1.077	34.901	-1.0788
1954	34.901	-1.077	34.901	-1.0787
1955	34.901	-1.078	34.901	-1.0785
1956	34.902	-1.078	34.901	-1.0784
1957	34.901	-1.079	34.901	-1.0783
1958	34.901	-1.079	34.901	-1.0782
1959	34.901	-1.079	34.901	-1.078
1960	34.901	-1.079	34.901	-1.0779
1961	34.901	-1.079	34.901	-1.0778
1963	34.901	-1.078	34.901	-1.0777
1964	34.901	-1.079	34.901	-1.0776
1965	34.901	-1.079	34.901	-1.0774
1966	34.901	-1.078	34.901	-1.0773
1967	34.901	-1.078	34.901	-1.0772
1968	34.901	-1.077	34.901	-1.0771
1969	34.901	-1.077	34.901	-1.077
1971	34.901	-1.077	34.901	-1.0769
1972	34.901	-1.076	34.901	-1.0768
1974	34.901	-1.075	34.901	-1.0767
1976	34.901	-1.075	34.901	-1.0766
1977	34.902	-1.075	34.901	-1.0764
1978	34.901	-1.076	34.901	-1.0763
1980	34.901	-1.076	34.901	-1.0762
1981	34.901	-1.076	34.901	-1.0761
1983	34.901	-1.076	34.901	-1.076
1984	34.901	-1.075	34.901	-1.0759
1986	34.901	-1.075	34.901	-1.0758
1987	34.901	-1.075	34.901	-1.0757
1989	34.901	-1.075	34.901	-1.0756
1991	34.901	-1.074	34.901	-1.0755
1992	34.901	-1.074	34.901	-1.0754
1994	34.901	-1.073	34.901	-1.0753
1995	34.901	-1.073	34.901	-1.0752
1996	34.901	-1.072	34.901	-1.0751
1997	34.901	-1.072	34.901	-1.075
1999	34.902	-1.072	34.901	-1.0749
2000	34.902	-1.072	34.901	-1.0748
2001	34.902	-1.073	34.901	-1.0747
2002	34.901	-1.072	34.901	-1.0746
2003	34.901	-1.072	34.901	-1.0745
2004	34.902	-1.071	34.901	-1.0744
2005	34.902	-1.071	34.901	-1.0743
2006	34.902	-1.072	34.901	-1.0742
2007	34.902	-1.072	34.901	-1.0741
2008	34.902	-1.072	34.901	-1.0741
2009	34.902	-1.072	34.901	-1.074
2010	34.902	-1.072	34.901	-1.0739
2011	34.902	-1.072	34.901	-1.0738
2012	34.902	-1.072	34.902	-1.0737
2013	34.902	-1.072	34.902	-1.0736
2014	34.902	-1.072	34.902	-1.0735
2015	34.902	-1.072	34.902	-1.0734
2016	34.902	-1.072	34.902	-1.0733
2017	34.902	-1.072	34.902	-1.0732
2019	34.901	-1.071	34.902	-1.0731
2020	34.901	-1.071	34.902	-1.073
2021	34.902	-1.071	34.902	-1.0729
2022	34.902	-1.071	34.902	-1.0728
2023	34.902	-1.071	34.902	-1.0727
2024	34.902	-1.07	34.902	-1.0726
2025	34.902	-1.07	34.902	-1.0725
2026	34.902	-1.07	34.902	-1.0724
2027	34.902	-1.07	34.902	-1.0723
2028	34.902	-1.069	34.902	-1.0722
2029	34.902	-1.069	34.902	-1.0721
2030	34.901	-1.068	34.902	-1.072
2031	34.901	-1.067	34.902	-1.072
2032	34.902	-1.067	34.902	-1.0719
2033	34.902	-1.067	34.902	-1.0718
2034	34.903	-1.067	34.902	-1.0717
2035	34.902	-1.066	34.902	-1.0716
2036	34.902	-1.066	34.902	-1.0715
2037	34.903	-1.066	34.902	-1.0714
2038	34.902	-1.066	34.902	-1.0713
2039	34.902	-1.066	34.902	-1.0713
2041	34.903	-1.067	34.902	-1.0712
2042	34.903	-1.067	34.902	-1.0711
2043	34.902	-1.067	34.902	-1.071
2045	34.902	-1.066	34.902	-1.071
2046	34.903	-1.067	34.902	-1.0709
2047	34.902	-1.067	34.902	-1.0708
2048	34.902	-1.067	34.902	-1.0708
2049	34.902	-1.067	34.902	-1.0707
2050	34.902	-1.066	34.902	-1.0706
2051	34.902	-1.066	34.902	-1.0705
2052	34.902	-1.066	34.902	-1.0705
2053	34.902	-1.066	34.902	-1.0704
2054	34.902	-1.066	34.902	-1.0703
2055	34.903	-1.066	34.902	-1.0703
2056	34.902	-1.066	34.902	-1.0702
2058	34.903	-1.066	34.902	-1.0701
2059	34.903	-1.067	34.902	-1.0701
2060	34.903	-1.067	34.902	-1.07
2061	34.903	-1.066	34.902	-1.07
2062	34.903	-1.067	34.902	-1.0699
2063	34.902	-1.067	34.902	-1.0698
2064	34.903	-1.068	34.902	-1.0698
2065	34.903	-1.068	34.902	-1.0697
2066	34.902	-1.068	34.902	-1.0697
2068	34.902	-1.068	34.902	-1.0696
2069	34.902	-1.068	34.902	-1.0696
2070	34.902	-1.068	34.902	-1.0695
2071	34.902	-1.067	34.902	-1.0694
2072	34.903	-1.068	34.902	-1.0694
2073	34.903	-1.068	34.902	-1.0693
2074	34.903	-1.069	34.902	-1.0692
2075	34.902	-1.069	34.902	-1.0692
2076	34.903	-1.068	34.902	-1.0691
2077	34.902	-1.068	34.902	-1.0691
2078	34.902	-1.068	34.902	-1.069
2079	34.902	-1.068	34.902	-1.0689
2080	34.902	-1.068	34.902	-1.0689
2081	34.902	-1.068	34.902	-1.0688
2082	34.902	-1.068	34.902	-1.0687
2083	34.902	-1.068	34.902	-1.0687
2084	34.903	-1.069	34.902	-1.0686
2085	34.903	-1.068	34.902	-1.0685
2086	34.902	-1.068	34.902	-1.0685
2088	34.903	-1.068	34.902	-1.0684
2089	34.903	-1.069	34.902	-1.0684
2090	34.902	-1.069	34.902	-1.0683
2092	34.902	-1.069	34.902	-1.0683
2093	34.903	-1.07	34.902	-1.0682
2094	34.902	-1.069	34.902	-1.0682
2095	34.902	-1.069	34.902	-1.0681
2096	34.902	-1.069	34.902	-1.0681
2097	34.902	-1.069	34.902	-1.068
2098	34.902	-1.069	34.902	-1.068
2099	34.902	-1.069	34.902	-1.0679
2100	34.902	-1.069	34.902	-1.0679
2102	34.902	-1.069	34.902	-1.0678
2103	34.902	-1.069	34.902	-1.0678
2104	34.902	-1.069	34.902	-1.0677
2105	34.902	-1.069	34.902	-1.0677
2106	34.902	-1.069	34.902	-1.0677
2107	34.902	-1.069	34.902	-1.0676
2108	34.902	-1.068	34.902	-1.0676
2109	34.903	-1.068	34.902	-1.0676
2110	34.902	-1.068	34.902	-1.0675
2111	34.902	-1.068	34.902	-1.0675
2112	34.903	-1.068	34.902	-1.0674
2113	34.903	-1.069	34.902	-1.0674
2114	34.902	-1.069	34.902	-1.0674
2115	34.902	-1.068	34.902	-1.0673
2116	34.902	-1.068	34.902	-1.0673
2117	34.903	-1.068	34.902	-1.0672
2118	34.903	-1.069	34.902	-1.0672
2119	34.903	-1.069	34.902	-1.0672
2120	34.902	-1.069	34.902	-1.0671
2121	34.903	-1.069	34.902	-1.0671
2122	34.902	-1.069	34.902	-1.067
2124	34.902	-1.069	34.902	-1.067
2125	34.902	-1.068	34.902	-1.067
2126	34.902	-1.068	34.902	-1.0669
2128	34.902	-1.067	34.902	-1.0669
2129	34.902	-1.067	34.902	-1.0668
2130	34.902	-1.067	34.902	-1.0668
2131	34.902	-1.067	34.902	-1.0668
2132	34.902	-1.067	34.902	-1.0667
2133	34.902	-1.067	34.903	-1.0667
2134	34.902	-1.067	34.903	-1.0666
2136	34.903	-1.068	34.903	-1.0666
2137	34.902	-1.068	34.903	-1.0666
2138	34.902	-1.067	34.903	-1.0665
2139	34.902	-1.067	34.903	-1.0665
2140	34.903	-1.067	34.903	-1.0665
2141	34.902	-1.067	34.903	-1.0665
2142	34.903	-1.067	34.903	-1.0664
2143	34.902	-1.067	34.903	-1.0664
2145	34.903	-1.067	34.903	-1.0664
2146	34.903	-1.067	34.903	-1.0664
2147	34.903	-1.067	34.903	-1.0664
2148	34.903	-1.067	34.903	-1.0664
2149	34.903	-1.067	34.903	-1.0663
2151	34.902	-1.067	34.903	-1.0663
2152	34.902	-1.067	34.903	-1.0663
2153	34.902	-1.067	34.903	-1.0663
2154	34.903	-1.067	34.903	-1.0663
2155	34.902	-1.067	34.903	-1.0662
2157	34.902	-1.067	34.903	-1.0662
2158	34.902	-1.067	34.903	-1.0662
2160	34.902	-1.067	34.903	-1.0662
2161	34.902	-1.067	34.903	-1.0662
2162	34.902	-1.067	34.903	-1.0661
2163	34.902	-1.066	34.903	-1.0661
2165	34.902	-1.066	34.903	-1.0661
2166	34.903	-1.067	34.903	-1.0661
2167	34.902	-1.066	34.903	-1.0661
2168	34.903	-1.066	34.903	-1.0661
2169	34.902	-1.066	34.903	-1.066
2170	34.903	-1.066	34.903	-1.066
2171	34.902	-1.066	34.903	-1.066
2172	34.903	-1.066	34.903	-1.066
2173	34.903	-1.066	34.903	-1.066
2174	34.903	-1.066	34.903	-1.066
2175	34.903	-1.066	34.903	-1.0659
2176	34.903	-1.066	34.903	-1.0659
2177	34.903	-1.066	34.903	-1.0659
2178	34.903	-1.066	34.903	-1.0659
2179	34.903	-1.066	34.903	-1.0659
2180	34.903	-1.066	34.903	-1.0658
2181	34.903	-1.066	34.903	-1.0658
2182	34.903	-1.066	34.903	-1.0658
2183	34.902	-1.065	34.903	-1.0658
2184	34.902	-1.065	34.903	-1.0658
2186	34.903	-1.065	34.903	-1.0657
2187	34.903	-1.066	34.903	-1.0657
2188	34.902	-1.066	34.903	-1.0657
2189	34.903	-1.066	34.903	-1.0657
2190	34.902	-1.065	34.903	-1.0657
2192	34.903	-1.065	34.903	-1.0656
2193	34.903	-1.066	34.903	-1.0656
2194	34.903	-1.066	34.903	-1.0656
2195	34.903	-1.066	34.903	-1.0656
2197	34.903	-1.065	34.903	-1.0656
2198	34.903	-1.065	34.903	-1.0655
2199	34.903	-1.065	34.903	-1.0655
2200	34.903	-1.066	34.903	-1.0655
2201	34.902	-1.065	34.903	-1.0655
2202	34.903	-1.065	34.903	-1.0654
2203	34.903	-1.065	34.903	-1.0654
2204	34.903	-1.065	34.903	-1.0654
2205	34.903	-1.065	34.903	-1.0653
2206	34.903	-1.065	34.903	-1.0653
2207	34.903	-1.065	34.903	-1.0653
2208	34.903	-1.065	34.903	-1.0653
2210	34.903	-1.065	34.903	-1.0652
2211	34.903	-1.065	34.903	-1.0652
2212	34.903	-1.065	34.903	-1.0652
2213	34.903	-1.065	34.903	-1.0651
2214	34.902	-1.065	34.903	-1.0651
2215	34.903	-1.065	34.903	-1.0651
2216	34.903	-1.065	34.903	-1.065
2217	34.903	-1.065	34.903	-1.065
2218	34.903	-1.065	34.903	-1.065
2219	34.903	-1.065	34.903	-1.065
2220	34.903	-1.065	34.903	-1.0649
2221	34.903	-1.064	34.903	-1.0649
2222	34.903	-1.064	34.903	-1.0649
2223	34.903	-1.064	34.903	-1.0649
2224	34.903	-1.064	34.903	-1.0649
2225	34.903	-1.064	34.903	-1.0648
2226	34.903	-1.064	34.903	-1.0648
2227	34.903	-1.064	34.903	-1.0648
2228	34.903	-1.064	34.903	-1.0648
2229	34.903	-1.064	34.903	-1.0647
2230	34.903	-1.064	34.903	-1.0647
2232	34.903	-1.064	34.903	-1.0647
2233	34.903	-1.064	34.903	-1.0647
2234	34.903	-1.064	34.903	-1.0647
2236	34.903	-1.063	34.903	-1.0646
2237	34.903	-1.063	34.903	-1.0646
2238	34.903	-1.064	34.903	-1.0646
2239	34.903	-1.064	34.903	-1.0646
2240	34.903	-1.063	34.903	-1.0645
2241	34.903	-1.063	34.903	-1.0645
2242	34.903	-1.063	34.903	-1.0645
2244	34.903	-1.063	34.903	-1.0645
2245	34.903	-1.063	34.903	-1.0645
2246	34.903	-1.063	34.903	-1.0645
2247	34.903	-1.064	34.903	-1.0644
2248	34.903	-1.064	34.903	-1.0644
2249	34.903	-1.063	34.903	-1.0644
2250	34.903	-1.063	34.903	-1.0644
2251	34.903	-1.063	34.903	-1.0644
2252	34.903	-1.063	34.903	-1.0644
2253	34.903	-1.063	34.903	-1.0643
2254	34.903	-1.063	34.903	-1.0643
2255	34.903	-1.063	34.903	-1.0643
2256	34.903	-1.064	34.903	-1.0643
2257	34.903	-1.063	34.903	-1.0643
2258	34.903	-1.063	34.903	-1.0643
2260	34.903	-1.063	34.903	-1.0642
2261	34.903	-1.063	34.903	-1.0642
2263	34.903	-1.063	34.903	-1.0642
2264	34.903	-1.063	34.903	-1.0642
2265	34.903	-1.063	34.903	-1.0642
2267	34.903	-1.063	34.903	-1.0642
2269	34.903	-1.062	34.903	-1.0642
2270	34.903	-1.062	34.903	-1.0641
2272	34.903	-1.063	34.903	-1.0641
2273	34.903	-1.062	34.903	-1.0641
2275	34.903	-1.062	34.903	-1.0641
2276	34.903	-1.063	34.903	-1.0641
2277	34.903	-1.063	34.903	-1.0641
2278	34.903	-1.063	34.903	-1.0641
2279	34.903	-1.062	34.903	-1.0641
2281	34.903	-1.063	34.903	-1.064
2282	34.903	-1.063	34.903	-1.064
2283	34.903	-1.063	34.903	-1.064
2284	34.903	-1.063	34.903	-1.064
2286	34.903	-1.063	34.903	-1.064
2287	34.903	-1.063	34.903	-1.064
2288	34.903	-1.063	34.903	-1.064
2289	34.903	-1.063	34.903	-1.064
2290	34.903	-1.064	34.903	-1.064
2291	34.903	-1.064	34.903	-1.064
2292	34.903	-1.063	34.903	-1.0639
2293	34.903	-1.063	34.903	-1.0639
2294	34.903	-1.064	34.903	-1.0639
2295	34.903	-1.064	34.903	-1.0639
2296	34.903	-1.064	34.903	-1.0639
2297	34.903	-1.064	34.903	-1.0639
2298	34.903	-1.064	34.903	-1.0639
2299	34.903	-1.064	34.903	-1.0639
2300	34.903	-1.064	34.903	-1.0639
2301	34.903	-1.064	34.903	-1.0639
2302	34.903	-1.064	34.903	-1.0639
2303	34.903	-1.064	34.903	-1.0638
2304	34.903	-1.064	34.903	-1.0638
2305	34.903	-1.064	34.903	-1.0638
2306	34.903	-1.064	34.903	-1.0638
2307	34.903	-1.064	34.903	-1.0638
2308	34.903	-1.064	34.903	-1.0638
2309	34.903	-1.064	34.903	-1.0638
2310	34.903	-1.064	34.903	-1.0638
2311	34.903	-1.064	34.903	-1.0638
2312	34.903	-1.063	34.903	-1.0638
2313	34.903	-1.063	34.903	-1.0638
2314	34.903	-1.063	34.903	-1.0638
2316	34.903	-1.063	34.903	-1.0638
2317	34.903	-1.063	34.903	-1.0638
2318	34.903	-1.063	34.903	-1.0638
2319	34.903	-1.063	34.903	-1.0637
2320	34.903	-1.063	34.903	-1.0637
2321	34.903	-1.064	34.903	-1.0637
2322	34.903	-1.063	34.903	-1.0637
2323	34.903	-1.063	34.903	-1.0637
2324	34.903	-1.063	34.903	-1.0637
2325	34.903	-1.063	34.903	-1.0637
2326	34.903	-1.064	34.903	-1.0637
2327	34.903	-1.063	34.903	-1.0637
2328	34.903	-1.063	34.903	-1.0637
2329	34.903	-1.063	34.903	-1.0637
2330	34.903	-1.064	34.903	-1.0637
2331	34.903	-1.064	34.903	-1.0637
2332	34.903	-1.063	34.903	-1.0637
2333	34.903	-1.063	34.903	-1.0637
2334	34.903	-1.064	34.903	-1.0637
2335	34.903	-1.064	34.903	-1.0637
2336	34.903	-1.064	34.903	-1.0637
2337	34.903	-1.064	34.903	-1.0637
2338	34.903	-1.064	34.903	-1.0637
2339	34.903	-1.064	34.903	-1.0637
2340	34.903	-1.064	34.903	-1.0637
2341	34.903	-1.064	34.903	-1.0637
2342	34.903	-1.064	34.903	-1.0637
2343	34.903	-1.064	34.903	-1.0637
2344	34.903	-1.064	34.903	-1.0637
2345	34.903	-1.064	34.903	-1.0637
2346	34.903	-1.064	34.903	-1.0637
2347	34.903	-1.064	34.903	-1.0637
2348	34.903	-1.064	34.903	-1.0637
2349	34.903	-1.064	34.903	-1.0637
2350	34.903	-1.064	34.903	-1.0637
2351	34.903	-1.064	34.903	-1.0637
2352	34.903	-1.064	34.903	-1.0637
2353	34.903	-1.064	34.903	-1.0637
2354	34.903	-1.064	34.903	-1.0637
2355	34.903	-1.064	34.903	-1.0637
2356	34.903	-1.064	34.903	-1.0637
2357	34.903	-1.064	34.903	-1.0637
2359	34.903	-1.064	34.903	-1.0637
2360	34.903	-1.064	34.903	-1.0637
2361	34.903	-1.064	34.903	-1.0637
2362	34.903	-1.064	34.903	-1.0637
2364	34.902	-1.063	34.903	-1.0637
2365	34.903	-1.064	34.903	-1.0638
2366	34.903	-1.064	34.903	-1.0638
2367	34.903	-1.063	34.903	-1.0638
2368	34.903	-1.064	34.903	-1.0638
2369	34.903	-1.064	34.903	-1.0638
2370	34.903	-1.064	34.903	-1.0638
2371	34.903	-1.064	34.903	-1.0638
2372	34.903	-1.064	34.903	-1.0638
2373	34.903	-1.064	34.903	-1.0638
2374	34.903	-1.065	34.903	-1.0638
2375	34.903	-1.064	34.903	-1.0638
2376	34.903	-1.064	34.903	-1.0638
2377	34.903	-1.064	34.903	-1.0638
2378	34.903	-1.064	34.903	-1.0638
2379	34.903	-1.064	34.903	-1.0638
2380	34.903	-1.064	34.903	-1.0638
2381	34.903	-1.064	34.903	-1.0638
2382	34.903	-1.064	34.903	-1.0638
2383	34.903	-1.064	34.903	-1.0638
2384	34.903	-1.064	34.903	-1.0638
2385	34.903	-1.064	34.903	-1.0638
2386	34.903	-1.064	34.903	-1.0639
2387	34.903	-1.064	34.903	-1.0639
2388	34.903	-1.064	34.903	-1.0639
2389	34.903	-1.064	34.903	-1.0639
2390	34.903	-1.064	34.903	-1.0639
2391	34.903	-1.064	34.903	-1.0639
2392	34.903	-1.064	34.903	-1.0639
2393	34.903	-1.064	34.903	-1.0639
2394	34.903	-1.064	34.903	-1.0639
2395	34.903	-1.064	34.903	-1.0639
2397	34.903	-1.064	34.903	-1.0639
2398	34.903	-1.064	34.903	-1.0639
2399	34.903	-1.064	34.903	-1.0639
2400	34.903	-1.064	34.903	-1.0639
2401	34.903	-1.064	34.903	-1.0639
2403	34.902	-1.064	34.903	-1.0639
2404	34.903	-1.064	34.903	-1.0639
2406	34.902	-1.064	34.903	-1.0639
2408	34.902	-1.064	34.903	-1.0639
2409	34.903	-1.064	34.903	-1.0639
2411	34.903	-1.064	34.903	-1.0639
2413	34.903	-1.064	34.903	-1.0639
2414	34.903	-1.064	34.903	-1.0639
2416	34.902	-1.064	34.903	-1.0639
2417	34.903	-1.064	34.903	-1.0639
2418	34.903	-1.064	34.903	-1.0639
2419	34.902	-1.064	34.903	-1.0639
2421	34.902	-1.064	34.903	-1.0639
2422	34.903	-1.064	34.903	-1.0639
2423	34.903	-1.064	34.903	-1.0639
2424	34.902	-1.064	34.903	-1.0639
2425	34.903	-1.064	34.903	-1.0639
2426	34.902	-1.064	34.903	-1.0639
2427	34.903	-1.064	34.903	-1.0639
2428	34.903	-1.064	34.903	-1.0639
2429	34.903	-1.064	34.903	-1.0639
2431	34.903	-1.064	34.903	-1.0639
2432	34.903	-1.064	34.903	-1.0639
2433	34.903	-1.064	34.903	-1.0639
2434	34.902	-1.064	34.903	-1.0639
2435	34.903	-1.064	34.903	-1.0639
2436	34.903	-1.064	34.903	-1.064
2437	34.903	-1.064	34.903	-1.064
2438	34.903	-1.064	34.903	-1.064
2439	34.903	-1.064	34.903	-1.064
2440	34.902	-1.064	34.903	-1.064
2441	34.902	-1.064	34.903	-1.064
2443	34.903	-1.065	34.903	-1.064
2444	34.903	-1.065	34.903	-1.064
2445	34.903	-1.064	34.903	-1.064
2446	34.902	-1.064	34.903	-1.064
2447	34.902	-1.064	34.903	-1.064
2449	34.902	-1.064	34.903	-1.064
2450	34.903	-1.064	34.903	-1.064
2451	34.902	-1.064	34.903	-1.064
2452	34.902	-1.064	34.903	-1.064
2454	34.903	-1.064	34.903	-1.064
2455	34.903	-1.064	34.903	-1.064
2456	34.903	-1.064	34.903	-1.064
2457	34.903	-1.064	34.903	-1.064
2458	34.902	-1.065	34.902	-1.064
2459	34.902	-1.064	34.902	-1.064
2460	34.903	-1.064	34.902	-1.064
2462	34.902	-1.064	34.902	-1.064
2463	34.902	-1.064	34.902	-1.064
2465	34.902	-1.064	34.902	-1.064
2466	34.902	-1.064	34.902	-1.064
2468	34.902	-1.064	34.902	-1.064
2469	34.902	-1.064	34.902	-1.064
2470	34.903	-1.064	34.902	-1.064
2471	34.902	-1.064	34.902	-1.064
2472	34.902	-1.064	34.902	-1.064
2473	34.903	-1.064	34.902	-1.064
2474	34.903	-1.064	34.902	-1.064
2475	34.903	-1.064	34.902	-1.064
2476	34.903	-1.064	34.902	-1.064
2477	34.902	-1.064	34.902	-1.0639
2478	34.902	-1.063	34.902	-1.0639
2480	34.903	-1.064	34.902	-1.0639
2481	34.903	-1.064	34.902	-1.0639
2482	34.902	-1.064	34.902	-1.0639
2484	34.902	-1.063	34.902	-1.0639
2485	34.902	-1.063	34.902	-1.0639
2486	34.902	-1.064	34.902	-1.0639
2487	34.903	-1.064	34.902	-1.0639
2488	34.903	-1.064	34.902	-1.0639
2489	34.903	-1.064	34.902	-1.0639
2490	34.902	-1.064	34.902	-1.0639
2491	34.902	-1.063	34.902	-1.0639
2492	34.903	-1.064	34.902	-1.0639
2494	34.903	-1.064	34.902	-1.0639
2496	34.902	-1.063	34.902	-1.0639
2497	34.902	-1.063	34.902	-1.0639
2498	34.902	-1.064	34.902	-1.0639
2500	34.902	-1.064	34.902	-1.0639
2501	34.902	-1.064	34.902	-1.0639
2502	34.902	-1.064	34.902	-1.0639
2504	34.903	-1.064	34.902	-1.0639
2505	34.902	-1.064	34.902	-1.0639
2506	34.902	-1.064	34.902	-1.0639
2507	34.902	-1.064	34.902	-1.0639
2508	34.902	-1.064	34.902	-1.0639
2509	34.903	-1.064	34.902	-1.0639
2510	34.902	-1.064	34.902	-1.0639
2511	34.902	-1.064	34.902	-1.0639
2512	34.903	-1.064	34.902	-1.0639
2513	34.902	-1.064	34.902	-1.0639
2515	34.902	-1.064	34.902	-1.0639
2516	34.902	-1.064	34.902	-1.0639
2517	34.902	-1.064	34.902	-1.0639
2518	34.902	-1.064	34.902	-1.0639
2519	34.902	-1.064	34.902	-1.0639
2520	34.902	-1.064	34.902	-1.0639
2521	34.902	-1.064	34.902	-1.0639
2522	34.902	-1.064	34.902	-1.0639
2523	34.902	-1.064	34.902	-1.0639
2524	34.902	-1.064	34.902	-1.0639
2526	34.902	-1.064	34.902	-1.0639
2528	34.902	-1.064	34.902	-1.0638
2529	34.902	-1.064	34.902	-1.0638
2531	34.902	-1.064	34.902	-1.0638
2532	34.902	-1.064	34.902	-1.0638
2533	34.902	-1.064	34.902	-1.0638
2534	34.902	-1.064	34.902	-1.0638
2536	34.902	-1.064	34.902	-1.0638
2537	34.902	-1.064	34.902	-1.0638
2538	34.903	-1.064	34.902	-1.0638
2539	34.902	-1.064	34.902	-1.0638
2540	34.902	-1.064	34.902	-1.0638
2541	34.902	-1.064	34.902	-1.0638
2542	34.902	-1.064	34.902	-1.0638
2543	34.902	-1.064	34.902	-1.0638
2545	34.902	-1.064	34.902	-1.0638
2546	34.902	-1.064	34.902	-1.0638
2547	34.902	-1.064	34.902	-1.0638
2548	34.902	-1.064	34.902	-1.0638
2549	34.902	-1.064	34.902	-1.0638
2550	34.902	-1.064	34.902	-1.0638
2551	34.902	-1.064	34.902	-1.0638
2552	34.902	-1.064	34.902	-1.0638
2553	34.902	-1.064	34.902	-1.0637
2554	34.902	-1.064	34.902	-1.0637
2555	34.902	-1.064	34.902	-1.0637
2556	34.902	-1.064	34.902	-1.0637
2557	34.902	-1.064	34.902	-1.0637
2558	34.902	-1.064	34.902	-1.0637
2559	34.902	-1.064	34.902	-1.0637
2560	34.902	-1.064	34.902	-1.0637
2561	34.902	-1.064	34.902	-1.0637
2562	34.902	-1.064	34.902	-1.0637
2563	34.902	-1.064	34.902	-1.0637
2564	34.902	-1.064	34.902	-1.0637
2565	34.902	-1.064	34.902	-1.0637
2566	34.902	-1.064	34.902	-1.0637
2567	34.902	-1.064	34.902	-1.0637
2568	34.902	-1.064	34.902	-1.0637
2569	34.902	-1.064	34.902	-1.0637
2570	34.902	-1.064	34.902	-1.0637
2571	34.902	-1.064	34.902	-1.0637
2572	34.902	-1.064	34.902	-1.0637
2573	34.902	-1.064	34.902	-1.0637
2574	34.902	-1.064	34.902	-1.0636
2575	34.902	-1.064	34.902	-1.0636
2576	34.902	-1.064	34.902	-1.0636
2577	34.902	-1.064	34.902	-1.0636
2578	34.902	-1.064	34.902	-1.0636
2579	34.902	-1.064	34.902	-1.0636
2580	34.902	-1.064	34.902	-1.0636
2581	34.902	-1.064	34.902	-1.0636
2582	34.902	-1.064	34.902	-1.0636
2583	34.902	-1.063	34.902	-1.0636
2584	34.902	-1.063	34.902	-1.0636
2585	34.902	-1.063	34.902	-1.0636
2587	34.902	-1.063	34.902	-1.0636
2588	34.902	-1.063	34.902	-1.0636
2589	34.902	-1.063	34.902	-1.0636
2590	34.902	-1.063	34.902	-1.0636
2591	34.902	-1.063	34.902	-1.0636
2592	34.902	-1.063	34.902	-1.0636
2593	34.902	-1.063	34.902	-1.0636
2595	34.902	-1.063	34.902	-1.0636
2596	34.902	-1.064	34.902	-1.0636
2597	34.902	-1.063	34.902	-1.0636
2598	34.902	-1.063	34.902	-1.0636
2599	34.902	-1.064	34.902	-1.0636
2600	34.902	-1.064	34.902	-1.0636
2601	34.902	-1.064	34.902	-1.0636
2603	34.902	-1.064	34.902	-1.0636
2604	34.902	-1.064	34.902	-1.0636
2605	34.902	-1.064	34.902	-1.0636
2606	34.902	-1.064	34.902	-1.0635
2607	34.902	-1.064	34.902	-1.0635
2608	34.902	-1.064	34.902	-1.0635
2609	34.902	-1.063	34.902	-1.0635
2611	34.902	-1.064	34.902	-1.0635
2612	34.902	-1.064	34.902	-1.0635
2613	34.902	-1.064	34.902	-1.0635
2614	34.902	-1.063	34.902	-1.0635
2616	34.902	-1.063	34.902	-1.0635
2617	34.902	-1.063	34.902	-1.0635
2618	34.902	-1.064	34.902	-1.0635
2619	34.902	-1.064	34.902	-1.0635
2621	34.902	-1.063	34.902	-1.0635
2622	34.902	-1.064	34.902	-1.0635
2623	34.902	-1.064	34.902	-1.0635
2624	34.902	-1.064	34.902	-1.0635
2625	34.902	-1.064	34.902	-1.0635
2626	34.902	-1.063	34.902	-1.0635
2627	34.902	-1.063	34.902	-1.0635
2628	34.902	-1.064	34.902	-1.0635
2629	34.902	-1.064	34.902	-1.0635
2630	34.902	-1.063	34.902	-1.0635
2632	34.902	-1.063	34.902	-1.0634
2633	34.902	-1.063	34.902	-1.0634
2634	34.902	-1.063	34.902	-1.0634
2635	34.902	-1.063	34.902	-1.0634
2636	34.902	-1.063	34.902	-1.0634
2637	34.902	-1.063	34.902	-1.0634
2639	34.902	-1.063	34.902	-1.0634
2640	34.902	-1.063	34.902	-1.0634
2641	34.902	-1.063	34.902	-1.0634
2642	34.902	-1.064	34.902	-1.0634
2644	34.902	-1.063	34.902	-1.0634
2645	34.902	-1.063	34.902	-1.0633
2646	34.902	-1.064	34.902	-1.0633
2647	34.902	-1.063	34.902	-1.0633
2648	34.902	-1.063	34.902	-1.0633
2649	34.902	-1.063	34.902	-1.0633
2650	34.902	-1.063	34.902	-1.0633
2651	34.902	-1.063	34.902	-1.0633
2652	34.902	-1.063	34.902	-1.0633
2653	34.902	-1.063	34.902	-1.0633
2654	34.902	-1.063	34.902	-1.0633
2655	34.902	-1.063	34.902	-1.0632
2656	34.902	-1.063	34.902	-1.0632
2657	34.902	-1.063	34.902	-1.0632
2658	34.902	-1.063	34.902	-1.0632
2659	34.902	-1.063	34.902	-1.0632
2660	34.902	-1.063	34.902	-1.0632
2661	34.902	-1.063	34.902	-1.0632
2662	34.902	-1.063	34.902	-1.0632
2663	34.902	-1.063	34.902	-1.0632
2665	34.902	-1.063	34.902	-1.0631
2666	34.902	-1.063	34.902	-1.0631
2668	34.902	-1.063	34.902	-1.0631
2669	34.902	-1.063	34.902	-1.0631
2671	34.902	-1.063	34.902	-1.0631
2672	34.902	-1.063	34.902	-1.0631
2673	34.902	-1.064	34.902	-1.0631
2674	34.902	-1.064	34.902	-1.0631
2675	34.902	-1.063	34.902	-1.063
2676	34.901	-1.063	34.902	-1.063
2678	34.902	-1.063	34.902	-1.063
2679	34.902	-1.063	34.902	-1.063
2681	34.902	-1.063	34.902	-1.063
2682	34.901	-1.063	34.902	-1.063
2684	34.902	-1.063	34.902	-1.063
2685	34.902	-1.063	34.902	-1.0629
2686	34.902	-1.063	34.902	-1.0629
2688	34.902	-1.063	34.902	-1.0629
2689	34.902	-1.064	34.902	-1.0629
2690	34.902	-1.064	34.902	-1.0629
2692	34.901	-1.063	34.902	-1.0629
2693	34.902	-1.063	34.902	-1.0629
2694	34.902	-1.063	34.902	-1.0628
2695	34.902	-1.063	34.902	-1.0628
2696	34.902	-1.063	34.902	-1.0628
2697	34.902	-1.063	34.902	-1.0628
2698	34.902	-1.063	34.902	-1.0628
2699	34.902	-1.064	34.902	-1.0628
2700	34.902	-1.064	34.902	-1.0628
2701	34.902	-1.064	34.902	-1.0627
2702	34.902	-1.063	34.902	-1.0627
2704	34.902	-1.063	34.902	-1.0627
2705	34.902	-1.063	34.902	-1.0627
2706	34.902	-1.064	34.902	-1.0627
2707	34.902	-1.064	34.902	-1.0627
2709	34.902	-1.063	34.902	-1.0627
2710	34.902	-1.063	34.902	-1.0627
2711	34.902	-1.063	34.902	-1.0627
2712	34.902	-1.063	34.902	-1.0627
2713	34.902	-1.063	34.902	-1.0626
2715	34.901	-1.063	34.902	-1.0626
2716	34.902	-1.063	34.902	-1.0626
2717	34.902	-1.063	34.902	-1.0626
2718	34.902	-1.063	34.902	-1.0626
2719	34.902	-1.063	34.902	-1.0626
2720	34.902	-1.063	34.902	-1.0626
2721	34.902	-1.063	34.902	-1.0625
2722	34.902	-1.063	34.902	-1.0625
2724	34.901	-1.063	34.902	-1.0625
2725	34.902	-1.063	34.902	-1.0625
2727	34.901	-1.063	34.902	-1.0625
2728	34.901	-1.063	34.902	-1.0625
2730	34.901	-1.063	34.902	-1.0624
2731	34.901	-1.063	34.902	-1.0624
2732	34.902	-1.063	34.902	-1.0624
2733	34.902	-1.063	34.902	-1.0624
2734	34.902	-1.063	34.902	-1.0624
2735	34.901	-1.063	34.902	-1.0624
2736	34.902	-1.063	34.902	-1.0623
2737	34.902	-1.063	34.902	-1.0623
2738	34.902	-1.063	34.902	-1.0623
2739	34.902	-1.063	34.902	-1.0623
2740	34.902	-1.063	34.902	-1.0623
2741	34.902	-1.063	34.902	-1.0622
2742	34.902	-1.063	34.902	-1.0622
2743	34.902	-1.063	34.902	-1.0622
2744	34.902	-1.063	34.902	-1.0622
2745	34.902	-1.063	34.902	-1.0622
2746	34.902	-1.063	34.902	-1.0622
2747	34.901	-1.063	34.902	-1.0621
2749	34.901	-1.062	34.902	-1.0621
2750	34.902	-1.063	34.902	-1.0621
2751	34.902	-1.063	34.902	-1.0621
2752	34.902	-1.062	34.902	-1.0621
2753	34.901	-1.062	34.902	-1.0621
2754	34.902	-1.062	34.902	-1.062
2755	34.902	-1.062	34.902	-1.062
2756	34.901	-1.062	34.902	-1.062
2757	34.901	-1.062	34.901	-1.062
2758	34.901	-1.062	34.901	-1.062
2759	34.902	-1.062	34.901	-1.062
2760	34.902	-1.062	34.901	-1.062
2761	34.901	-1.062	34.901	-1.0619
2762	34.901	-1.062	34.901	-1.0619
2763	34.901	-1.062	34.901	-1.0619
2764	34.902	-1.062	34.901	-1.0619
2765	34.902	-1.062	34.901	-1.0619
2766	34.901	-1.062	34.901	-1.0618
2767	34.901	-1.062	34.901	-1.0618
2768	34.901	-1.062	34.901	-1.0618
2769	34.901	-1.062	34.901	-1.0618
2770	34.902	-1.062	34.901	-1.0607
2771	34.902	-1.062	34.901	-1.0607
2772	34.901	-1.062	34.901	-1.0606
2773	34.902	-1.062	34.901	-1.0606
2774	34.901	-1.061	34.901	-1.0606
2775	34.901	-1.061	34.901	-1.0606
2776	34.902	-1.062	34.901	-1.0606
2777	34.902	-1.062	34.901	-1.0606
2778	34.902	-1.062	34.901	-1.0606
2779	34.902	-1.062	34.901	-1.0606
2780	34.901	-1.062	34.901	-1.0605
2781	34.901	-1.062	34.901	-1.0605
2782	34.901	-1.062	34.901	-1.0605
2783	34.901	-1.061	34.901	-1.0605
2785	34.901	-1.061	34.901	-1.0605
2786	34.901	-1.061	34.901	-1.0605
2787	34.902	-1.062	34.901	-1.0605
2788	34.901	-1.062	34.901	-1.0605
2789	34.901	-1.061	34.901	-1.0604
2790	34.901	-1.061	34.901	-1.0604
2792	34.901	-1.061	34.901	-1.0604
2794	34.901	-1.061	34.901	-1.0604
2795	34.901	-1.061	34.901	-1.0604
2796	34.901	-1.061	34.901	-1.0604
2798	34.901	-1.061	34.901	-1.0604
2799	34.901	-1.061	34.901	-1.0604
2800	34.901	-1.061	34.901	-1.0604
2801	34.901	-1.061	34.901	-1.0604
2803	34.901	-1.061	34.901	-1.0604
2804	34.901	-1.061	34.901	-1.0603
2805	34.901	-1.061	34.901	-1.0603
2807	34.901	-1.061	34.901	-1.0603
2808	34.901	-1.061	34.901	-1.0603
2809	34.901	-1.061	34.901	-1.0603
2810	34.902	-1.061	34.901	-1.0603
2811	34.901	-1.061	34.901	-1.0603
2812	34.901	-1.061	34.901	-1.0603
2813	34.901	-1.061	34.901	-1.0603
2814	34.901	-1.061	34.901	-1.0603
2815	34.901	-1.061	34.901	-1.0602
2816	34.901	-1.061	34.901	-1.0602
2817	34.901	-1.061	34.901	-1.0602
2818	34.901	-1.061	34.901	-1.0602
2819	34.901	-1.061	34.901	-1.0602
2820	34.902	-1.061	34.901	-1.0602
2821	34.901	-1.061	34.901	-1.0602
2822	34.901	-1.061	34.901	-1.0601
2823	34.901	-1.061	34.901	-1.0601
2824	34.901	-1.061	34.901	-1.0601
2825	34.901	-1.061	34.901	-1.0601
2826	34.901	-1.061	34.901	-1.0601
2827	34.901	-1.061	34.901	-1.0601
2829	34.901	-1.061	34.901	-1.06
2830	34.901	-1.061	34.901	-1.06
2831	34.901	-1.061	34.901	-1.06
2832	34.901	-1.061	34.901	-1.06
2834	34.901	-1.06	34.901	-1.06
2835	34.901	-1.06	34.901	-1.06
2836	34.901	-1.06	34.901	-1.06
2837	34.901	-1.061	34.901	-1.06
2838	34.901	-1.06	34.901	-1.0599
2839	34.901	-1.06	34.901	-1.0599
2840	34.901	-1.06	34.901	-1.0599
2841	34.901	-1.06	34.901	-1.0599
2842	34.901	-1.061	34.901	-1.0599
2843	34.901	-1.06	34.901	-1.0599
2844	34.901	-1.06	34.901	-1.0599
2845	34.901	-1.06	34.901	-1.0599
2846	34.901	-1.06	34.901	-1.0599
2847	34.901	-1.06	34.901	-1.0599
2848	34.901	-1.06	34.901	-1.0599
2849	34.901	-1.06	34.901	-1.0599
2850	34.901	-1.06	34.901	-1.0599
2851	34.901	-1.06	34.901	-1.0599
2852	34.901	-1.06	34.901	-1.0599
2853	34.901	-1.06	34.901	-1.0598
2854	34.901	-1.06	34.901	-1.0598
2855	34.901	-1.06	34.901	-1.0598
2856	34.901	-1.06	34.901	-1.0598
2857	34.901	-1.06	34.901	-1.0598
2858	34.901	-1.06	34.901	-1.0598
2859	34.901	-1.06	34.901	-1.0598
2860	34.901	-1.06	34.901	-1.0598
2861	34.901	-1.06	34.901	-1.0598
2862	34.901	-1.06	34.901	-1.0598
2863	34.901	-1.06	34.901	-1.0598
2864	34.901	-1.06	34.901	-1.0597
2865	34.901	-1.06	34.901	-1.0597
2866	34.901	-1.06	34.901	-1.0597
2867	34.901	-1.06	34.901	-1.0597
2868	34.901	-1.06	34.901	-1.0596
2869	34.901	-1.059	34.901	-1.0596
2870	34.901	-1.06	34.901	-1.0597
2871	34.901	-1.06	34.901	-1.0596
2872	34.901	-1.06	34.901	-1.0596
2873	34.901	-1.059	34.901	-1.0595
2874	34.901	-1.06	34.901	-1.0596
2875	34.901	-1.06	34.901	-1.0595
2876	34.901	-1.06	34.901	-1.0593
2877	34.901	-1.059	34.901	-1.059
2878	34.901	-1.059	34.901	-1.059
